1353 1359
1369 1370
1370 1372
1361 1387
1395 1397
1398 1399
1398 1400
1392 1401
1397 1402
1402 1409
1404 1412
1414 1415
1403 1420
1391 1429
1424 1433
1431 1433
1433 1437
1433 1438
1412 1439
1431 1440
1429 1441
1430 1442
1442 1445
1432 1446
1444 1446
1439 1447
1441 1452
1451 1453
1449 1454
1436 1454
1446 1455
1444 1455
1452 1455
1424 1459
1429 1460
1381 1462
1477 1480
1487 1491
1488 1491
1472 1495
1494 1495
1504 1507
1508 1509
1505 1510
1507 1510
1501 1512
1506 1512
1516 1518
1517 1519
1515 1519
1504 1522
1529 1532
1469 1535
1532 1538
1540 1542
1539 1544
1542 1545
1529 1546
1547 1549
1547 1550
1553 1554
1553 1557
1560 1561
1557 1568
1569 1591
1414 -1
1417 -1
1422 -1
1483 -1
1487 -1
1511 -1
1512 -1
1513 -1
1534 -1
