1362 1371
1369 1376
1385 1386
1388 1389
1387 1392
1392 1394
1394 1398
1383 1401
1397 1402
1408 1409
1411 1413
1379 1415
1404 1428
1427 1431
1413 1432
1424 1432
1427 1434
1428 1435
1429 1435
1421 1439
1439 1441
1429 1442
1441 1444
1418 1445
1447 1448
1441 1448
1428 1449
1440 1452
1425 1458
1456 1458
1458 1460
1381 1461
1448 1462
1458 1466
1467 1469
1467 1469
1440 1474
1495 1496
1494 1501
1498 1505
1505 1507
1508 1509
1511 1512
1505 1514
1466 1519
1520 1521
1505 1521
1517 1521
1517 1522
1524 1528
1521 1530
1530 1532
1535 1536
1540 1541
1539 1542
1539 1543
1535 1544
1546 1547
1549 1555
1561 1565
1555 1568
1573 1593
1409 -1
1424 -1
1436 -1
1471 -1
1493 -1
1508 -1
1512 -1
1527 -1
1537 -1
