1336 1349
1370 1372
1371 1386
1363 1387
1388 1389
1385 1390
1394 1397
1396 1401
1407 1409
1367 1411
1398 1414
1382 1415
1406 1416
1414 1420
1411 1420
1410 1425
1416 1425
1422 1426
1401 1429
1406 1429
1427 1435
1433 1439
1441 1442
1442 1443
1380 1444
1444 1445
1436 1445
1418 1448
1436 1450
1448 1450
1408 1451
1430 1453
1451 1455
1459 1464
1459 1466
1465 1470
1466 1475
1475 1477
1432 1477
1477 1481
1479 1496
1493 1497
1464 1500
1499 1503
1509 1516
1520 1521
1521 1523
1522 1523
1509 1524
1516 1525
1523 1527
1516 1529
1528 1531
1530 1532
1524 1533
1531 1533
1538 1541
1539 1543
1543 1544
1546 1547
1546 1551
1557 1562
1554 1562
1555 1563
1566 1576
1410 -1
1413 -1
1416 -1
1453 -1
1484 -1
1508 -1
1515 -1
1518 -1
1534 -1
