1279 1281
1275 1295
1273 1306
1309 1311
1319 1323
1318 1324
1300 1326
1307 1328
1324 1330
1297 1332
1323 1345
1346 1353
1301 1354
1312 1356
1349 1359
1355 1360
1364 1367
1360 1370
1288 1371
1362 1371
1336 1371
1361 1372
1361 1373
1370 1376
1370 1379
1360 1379
1346 1383
1374 1384
1338 1385
1386 1388
1381 1394
1269 1397
1389 1398
1381 1399
1395 1405
1405 1408
1391 1412
1279 1417
1330 1454
1426 1455
1446 1457
1457 1462
1464 1473
1420 1476
1464 1476
1355 1490
1456 1491
1479 1492
1488 1495
1494 1496
1340 1503
1503 1504
1425 1509
1502 1510
1498 1511
1510 1511
1513 1516
1516 1519
1520 1521
1479 1525
1446 1534
1430 1535
1525 1536
1536 1541
1482 1552
1544 1559
1554 1561
1538 1573
1697 1710
1257 -1
