1336 1346
1376 1377
1373 1378
1377 1388
1387 1390
1360 1390
1396 1397
1398 1402
1386 1410
1406 1412
1414 1418
1416 1419
1418 1419
1371 1423
1416 1424
1372 1425
1392 1426
1430 1431
1427 1433
1426 1433
1423 1434
1434 1436
1433 1437
1436 1437
1380 1438
1417 1438
1416 1440
1433 1442
1434 1443
1433 1444
1413 1459
1457 1463
1434 1464
1461 1465
1487 1488
1482 1488
1487 1491
1460 1493
1493 1500
1449 1503
1497 1503
1498 1507
1485 1508
1505 1521
1508 1521
1522 1523
1519 1526
1525 1527
1528 1529
1524 1533
1536 1538
1537 1541
1525 1543
1543 1547
1544 1547
1547 1550
1548 1552
1541 1561
1558 1562
1559 1562
1565 1575
1574 1580
1409 -1
1421 -1
1423 -1
1455 -1
1494 -1
1507 -1
1519 -1
1521 -1
1540 -1
