1294 1306
1304 1309
1268 1314
1311 1320
1264 1326
1320 1331
1334 1335
1332 1339
1323 1341
1311 1347
1311 1348
1350 1353
1290 1357
1355 1358
1349 1363
1348 1365
1348 1371
1358 1372
1367 1378
1355 1378
1377 1379
1376 1380
1374 1382
1379 1387
1317 1389
1295 1391
1388 1393
1400 1402
1282 1403
1395 1406
1400 1407
1394 1409
1376 1410
1400 1415
1411 1415
1415 1417
1413 1417
1289 1419
1432 1437
1342 1450
1442 1451
1429 1457
1464 1465
1470 1471
1458 1479
1465 1481
1361 1485
1429 1485
1486 1487
1454 1488
1336 1496
1405 1511
1497 1511
1508 1512
1508 1514
1513 1514
1506 1515
1512 1519
1468 1519
1448 1528
1527 1530
1429 1535
1539 1542
1534 1547
1557 1559
1512 1560
1555 1561
1575 1581
1639 1657
1664 1667
1251 -1
