1346 1358
1365 1367
1376 1378
1378 1380
1387 1388
1388 1391
1380 1393
1388 1393
1353 1397
1402 1403
1403 1405
1409 1410
1402 1412
1384 1415
1415 1418
1416 1419
1400 1422
1409 1425
1418 1428
1430 1433
1426 1435
1421 1436
1400 1437
1438 1440
1408 1441
1379 1442
1426 1443
1414 1445
1445 1449
1373 1450
1431 1450
1425 1451
1440 1459
1465 1467
1463 1467
1466 1470
1470 1475
1465 1475
1469 1477
1429 1481
1478 1482
1484 1491
1489 1493
1483 1495
1470 1500
1500 1501
1504 1515
1516 1517
1517 1518
1505 1519
1512 1521
1521 1524
1522 1524
1521 1524
1518 1525
1521 1525
1525 1527
1523 1528
1525 1528
1518 1531
1537 1538
1538 1539
1538 1539
1541 1545
1548 1549
1542 1550
1550 1552
1547 1554
1554 1557
1570 1573
1414 -1
1419 -1
1420 -1
1458 -1
1484 -1
1510 -1
1517 -1
1518 -1
1537 -1
