1286 1295
1266 1307
1307 1316
1270 1322
1280 1322
1323 1326
1309 1328
1313 1335
1341 1342
1294 1343
1338 1344
1299 1346
1345 1350
1350 1356
1349 1357
1356 1357
1355 1359
1343 1360
1358 1360
1323 1361
1290 1365
1336 1365
1362 1366
1374 1376
1344 1376
1374 1377
1306 1387
1257 1392
1361 1393
1380 1394
1388 1399
1399 1402
1385 1404
1397 1408
1407 1409
1276 1411
1396 1415
1398 1416
1411 1430
1425 1442
1335 1446
1440 1453
1461 1468
1465 1470
1421 1475
1469 1477
1358 1484
1462 1484
1461 1486
1479 1487
1347 1493
1455 1493
1498 1500
1504 1508
1498 1509
1502 1510
1406 1513
1467 1514
1515 1516
1519 1521
1521 1524
1520 1526
1444 1530
1429 1532
1495 1559
1551 1567
1554 1579
1706 1707
1698 1710
1248 -1
