1327 1346
1353 1355
1367 1382
1395 1396
1395 1397
1398 1404
1371 1408
1403 1413
1411 1414
1411 1414
1418 1419
1407 1421
1397 1426
1426 1428
1425 1429
1386 1430
1394 1431
1428 1432
1381 1445
1433 1446
1444 1446
1377 1448
1434 1448
1418 1451
1427 1452
1423 1454
1412 1459
1462 1474
1467 1475
1471 1475
1475 1478
1473 1480
1477 1486
1477 1490
1489 1493
1459 1497
1499 1502
1496 1503
1501 1506
1506 1508
1452 1509
1507 1516
1516 1521
1519 1521
1517 1521
1512 1522
1523 1525
1525 1528
1522 1531
1519 1532
1532 1533
1538 1541
1538 1542
1549 1551
1551 1554
1547 1557
1559 1562
1562 1566
1564 1575
1405 -1
1410 -1
1423 -1
1453 -1
1484 -1
1522 -1
1523 -1
1529 -1
1538 -1
