1297 1313
1270 1315
1312 1318
1264 1322
1295 1325
1317 1327
1330 1331
1329 1332
1299 1344
1313 1345
1344 1351
1298 1358
1358 1360
1343 1362
1347 1364
1360 1364
1345 1367
1367 1368
1367 1368
1326 1368
1365 1369
1363 1369
1350 1371
1358 1372
1363 1372
1375 1376
1290 1380
1375 1382
1380 1388
1388 1389
1388 1392
1281 1396
1393 1400
1399 1402
1306 1403
1395 1406
1402 1406
1404 1406
1293 1413
1403 1414
1371 1415
1430 1441
1433 1454
1449 1455
1343 1455
1450 1461
1422 1481
1478 1482
1468 1482
1358 1484
1457 1487
1487 1489
1453 1489
1356 1502
1504 1505
1498 1505
1403 1506
1502 1514
1514 1515
1496 1516
1468 1516
1517 1518
1520 1525
1528 1530
1425 1534
1449 1535
1553 1555
1541 1555
1511 1561
1562 1565
1564 1588
1663 1670
1672 1681
1255 -1
