1310 1317
1304 1321
1273 1322
1278 1328
1303 1330
1319 1333
1333 1338
1318 1343
1301 1348
1350 1353
1304 1355
1314 1362
1347 1366
1354 1366
1366 1368
1363 1371
1366 1371
1365 1371
1344 1371
1358 1374
1378 1379
1350 1379
1295 1381
1376 1383
1383 1389
1273 1393
1387 1396
1325 1401
1402 1405
1401 1408
1377 1410
1389 1413
1402 1413
1403 1417
1407 1419
1298 1420
1432 1439
1448 1454
1437 1458
1342 1458
1462 1471
1470 1482
1471 1483
1359 1486
1486 1487
1421 1488
1488 1493
1455 1502
1353 1504
1418 1508
1508 1513
1503 1514
1500 1516
1514 1519
1474 1520
1516 1521
1520 1524
1534 1537
1451 1538
1427 1543
1538 1551
1511 1556
1570 1594
1670 1681
1686 1690
1269 -1
