1292 1312
1279 1317
1314 1322
1315 1324
1298 1324
1322 1324
1316 1325
1302 1327
1328 1333
1312 1334
1318 1340
1295 1341
1340 1345
1285 1352
1348 1352
1358 1360
1297 1363
1356 1364
1352 1365
1354 1366
1318 1366
1335 1368
1371 1372
1366 1374
1368 1375
1368 1378
1352 1382
1325 1383
1272 1385
1374 1398
1376 1399
1384 1399
1400 1401
1382 1404
1398 1410
1289 1410
1388 1415
1406 1420
1404 1435
1319 1450
1430 1459
1448 1460
1462 1465
1460 1473
1468 1477
1422 1478
1467 1482
1471 1486
1364 1491
1489 1492
1451 1493
1330 1498
1427 1505
1510 1511
1493 1512
1503 1512
1466 1519
1522 1523
1519 1524
1516 1528
1529 1531
1445 1532
1430 1534
1525 1535
1551 1552
1487 1556
1534 1562
1554 1569
1699 1707
1695 1717
1235 -1
