1344 1354
1363 1366
1373 1376
1367 1386
1393 1395
1389 1395
1382 1396
1391 1396
1392 1397
1379 1402
1408 1410
1415 1418
1380 1420
1420 1426
1424 1426
1400 1428
1417 1435
1426 1435
1435 1436
1422 1438
1433 1439
1438 1439
1431 1439
1438 1444
1428 1447
1432 1448
1386 1448
1423 1449
1452 1453
1425 1453
1433 1455
1461 1462
1456 1462
1461 1463
1458 1465
1463 1471
1470 1471
1429 1476
1483 1485
1482 1495
1497 1505
1459 1508
1500 1515
1506 1516
1514 1522
1521 1522
1523 1524
1525 1527
1519 1528
1524 1529
1529 1530
1528 1530
1529 1532
1529 1532
1541 1542
1542 1544
1541 1548
1548 1549
1555 1556
1562 1564
1550 1566
1558 1567
1569 1581
1415 -1
1419 -1
1419 -1
1451 -1
1488 -1
1509 -1
1513 -1
1514 -1
1535 -1
