1341 1355
1381 1383
1377 1388
1357 1397
1397 1400
1409 1410
1396 1413
1413 1415
1415 1420
1392 1420
1382 1423
1422 1429
1415 1430
1373 1431
1432 1433
1435 1437
1375 1445
1450 1451
1438 1451
1438 1454
1432 1457
1442 1459
1423 1463
1428 1463
1464 1469
1472 1479
1476 1485
1485 1486
1484 1492
1490 1492
1466 1496
1493 1500
1495 1500
1497 1500
1482 1501
1442 1501
1499 1503
1507 1513
1521 1523
1523 1524
1509 1524
1522 1525
1514 1527
1528 1537
1535 1539
1541 1542
1542 1543
1542 1544
1540 1545
1544 1545
1540 1548
1546 1549
1548 1552
1564 1567
1561 1571
1566 1573
1417 -1
1418 -1
1429 -1
1460 -1
1490 -1
1509 -1
1516 -1
1516 -1
1539 -1
