1360 1362
1378 1379
1383 1384
1386 1388
1368 1389
1391 1394
1396 1397
1393 1398
1395 1402
1403 1405
1396 1408
1413 1415
1403 1424
1426 1431
1406 1434
1426 1436
1433 1436
1427 1436
1420 1437
1432 1438
1432 1439
1437 1441
1380 1442
1439 1449
1425 1450
1439 1452
1397 1453
1439 1457
1426 1460
1463 1467
1474 1476
1462 1477
1484 1488
1498 1502
1503 1506
1481 1506
1465 1507
1510 1511
1510 1512
1510 1512
1511 1513
1512 1514
1508 1514
1508 1516
1519 1521
1534 1535
1531 1537
1530 1539
1543 1544
1543 1544
1544 1547
1544 1547
1549 1550
1545 1550
1549 1553
1552 1556
1550 1556
1554 1557
1563 1568
1567 1572
1589 1590
1572 1592
1581 1596
1407 -1
1413 -1
1418 -1
1480 -1
1494 -1
1504 -1
1512 -1
1516 -1
1542 -1
