1335 1349
1362 1365
1372 1373
1371 1374
1348 1376
1377 1380
1368 1384
1397 1401
1397 1401
1406 1407
1377 1412
1402 1415
1406 1422
1421 1424
1369 1424
1410 1424
1419 1430
1425 1430
1396 1430
1430 1432
1427 1432
1430 1434
1440 1443
1441 1447
1427 1448
1413 1449
1421 1450
1371 1451
1450 1452
1438 1452
1450 1453
1427 1460
1460 1463
1439 1468
1464 1471
1479 1480
1482 1483
1469 1485
1472 1486
1490 1492
1435 1496
1491 1498
1502 1511
1498 1512
1507 1512
1495 1514
1468 1514
1515 1516
1512 1525
1520 1526
1526 1533
1532 1534
1536 1537
1549 1552
1550 1553
1550 1554
1550 1555
1553 1555
1557 1559
1548 1560
1561 1563
1414 -1
1417 -1
1418 -1
1445 -1
1485 -1
1510 -1
1515 -1
1515 -1
1532 -1
