1282 1288
1297 1309
1263 1311
1309 1318
1283 1326
1323 1331
1328 1332
1321 1345
1348 1353
1296 1358
1310 1358
1315 1362
1360 1364
1351 1365
1345 1366
1349 1368
1362 1370
1367 1373
1356 1376
1348 1378
1365 1378
1284 1379
1370 1380
1380 1381
1377 1386
1320 1391
1382 1394
1292 1395
1400 1408
1406 1408
1391 1410
1403 1411
1408 1414
1403 1414
1274 1414
1379 1421
1415 1422
1425 1427
1432 1448
1431 1454
1447 1455
1343 1457
1455 1467
1428 1474
1465 1480
1463 1486
1357 1491
1465 1492
1343 1498
1503 1506
1498 1506
1503 1508
1490 1509
1406 1511
1510 1512
1470 1518
1517 1521
1453 1531
1535 1539
1428 1542
1538 1547
1553 1554
1508 1558
1547 1560
1576 1597
1689 1692
1243 -1
