1345 1361
1367 1369
1384 1390
1391 1393
1393 1395
1395 1396
1354 1403
1397 1403
1392 1413
1392 1419
1393 1424
1423 1427
1421 1428
1413 1429
1424 1433
1432 1433
1430 1434
1438 1441
1373 1444
1441 1445
1441 1445
1380 1445
1430 1452
1436 1453
1440 1457
1429 1461
1458 1463
1441 1464
1435 1475
1472 1476
1470 1478
1479 1480
1478 1483
1479 1486
1489 1493
1493 1496
1482 1497
1495 1497
1490 1499
1438 1502
1467 1508
1516 1517
1515 1518
1505 1519
1517 1520
1506 1520
1521 1522
1511 1522
1525 1526
1525 1526
1525 1526
1523 1526
1525 1527
1525 1536
1539 1541
1542 1545
1543 1545
1546 1549
1550 1551
1551 1552
1551 1554
1550 1556
1554 1557
1561 1563
1559 1565
1555 1566
1562 1577
1406 -1
1421 -1
1424 -1
1454 -1
1485 -1
1511 -1
1516 -1
1519 -1
1539 -1
