1336 1346
1360 1370
1387 1389
1403 1406
1396 1411
1413 1414
1415 1416
1366 1419
1364 1421
1417 1424
1413 1427
1425 1432
1402 1435
1385 1436
1416 1439
1435 1443
1412 1444
1427 1445
1403 1450
1405 1452
1454 1456
1438 1457
1456 1458
1453 1458
1382 1459
1462 1464
1467 1475
1482 1487
1477 1487
1452 1489
1488 1491
1479 1493
1469 1494
1492 1499
1430 1499
1500 1501
1499 1504
1498 1514
1506 1518
1516 1520
1516 1521
1521 1522
1522 1524
1523 1524
1525 1527
1527 1528
1527 1529
1522 1531
1531 1532
1538 1540
1536 1541
1540 1544
1543 1545
1542 1545
1542 1545
1546 1548
1544 1552
1550 1553
1547 1558
1553 1559
1577 1578
1406 -1
1424 -1
1426 -1
1455 -1
1486 -1
1519 -1
1523 -1
1527 -1
1540 -1
