1263 1303
1289 1307
1311 1319
1312 1321
1325 1326
1271 1326
1324 1328
1303 1328
1322 1329
1327 1331
1342 1349
1309 1350
1304 1355
1345 1355
1306 1355
1342 1358
1320 1359
1355 1363
1361 1364
1364 1365
1333 1367
1359 1368
1356 1369
1372 1374
1357 1375
1376 1379
1290 1380
1275 1390
1387 1392
1309 1392
1400 1401
1396 1408
1397 1409
1398 1411
1368 1414
1416 1419
1287 1420
1431 1438
1447 1454
1433 1458
1333 1459
1466 1470
1470 1474
1426 1483
1352 1483
1471 1485
1462 1488
1490 1494
1455 1494
1491 1497
1343 1500
1406 1506
1489 1511
1505 1515
1511 1515
1471 1517
1517 1519
1522 1525
1525 1526
1526 1531
1423 1535
1445 1537
1539 1540
1542 1556
1557 1560
1510 1563
1555 1564
1567 1588
1649 1658
1675 1679
1244 -1
