1361 1362
1382 1384
1373 1384
1382 1386
1388 1389
1385 1395
1389 1397
1395 1409
1413 1415
1411 1425
1420 1428
1418 1433
1427 1436
1410 1438
1379 1438
1439 1440
1439 1441
1421 1443
1439 1444
1430 1445
1436 1446
1434 1452
1432 1460
1389 1460
1466 1471
1466 1474
1445 1475
1467 1477
1429 1489
1488 1490
1489 1490
1495 1497
1465 1500
1498 1502
1497 1502
1503 1505
1500 1507
1444 1507
1516 1517
1521 1522
1518 1522
1521 1524
1524 1525
1518 1526
1527 1529
1529 1533
1524 1533
1532 1536
1531 1541
1543 1544
1542 1547
1541 1547
1549 1551
1553 1556
1558 1559
1547 1563
1556 1564
1571 1581
1560 1587
1586 1598
1410 -1
1416 -1
1422 -1
1483 -1
1492 -1
1505 -1
1519 -1
1521 -1
1541 -1
