1314 1319
1252 1334
1262 1335
1334 1337
1313 1349
1281 1352
1316 1355
1355 1356
1353 1359
1349 1359
1313 1361
1356 1361
1359 1363
1290 1374
1354 1375
1359 1376
1356 1376
1347 1376
1377 1378
1373 1379
1376 1380
1362 1387
1373 1392
1390 1393
1321 1394
1381 1395
1398 1401
1391 1404
1404 1412
1285 1412
1404 1414
1275 1421
1414 1424
1407 1425
1393 1426
1427 1451
1455 1459
1344 1460
1468 1474
1465 1477
1462 1477
1460 1483
1429 1485
1369 1488
1463 1492
1346 1493
1401 1514
1494 1514
1513 1517
1469 1518
1512 1519
1509 1519
1453 1533
1427 1538
1544 1547
1543 1548
1534 1549
1508 1559
1529 1561
1554 1579
1247 -1
