1334 1335
1367 1368
1360 1380
1396 1398
1402 1405
1391 1405
1401 1407
1398 1409
1404 1413
1408 1413
1392 1417
1419 1421
1416 1434
1436 1442
1432 1446
1394 1446
1443 1447
1443 1448
1446 1450
1448 1450
1441 1451
1378 1455
1446 1456
1438 1459
1457 1463
1462 1465
1451 1466
1455 1468
1459 1468
1456 1468
1440 1470
1472 1479
1479 1481
1489 1491
1495 1496
1494 1497
1446 1498
1499 1503
1505 1508
1471 1511
1514 1516
1513 1516
1517 1518
1513 1518
1511 1519
1519 1520
1518 1521
1516 1522
1525 1532
1535 1537
1535 1538
1544 1545
1544 1548
1551 1554
1548 1556
1560 1562
1559 1565
1560 1568
1568 1596
1586 1596
1415 -1
1422 -1
1435 -1
1479 -1
1491 -1
1505 -1
1515 -1
1517 -1
1533 -1
