1331 1345
1374 1376
1366 1384
1394 1400
1404 1407
1401 1410
1362 1410
1416 1417
1416 1418
1421 1422
1421 1422
1414 1423
1409 1424
1415 1425
1412 1425
1403 1431
1429 1432
1383 1434
1364 1435
1396 1436
1419 1436
1415 1437
1437 1444
1451 1453
1434 1454
1453 1456
1429 1458
1419 1460
1454 1461
1461 1462
1380 1462
1466 1467
1465 1468
1466 1472
1469 1473
1477 1478
1473 1482
1473 1483
1477 1491
1473 1496
1493 1497
1495 1499
1494 1501
1465 1502
1440 1506
1506 1518
1511 1520
1519 1520
1516 1521
1520 1521
1520 1522
1508 1522
1526 1527
1517 1535
1536 1538
1534 1539
1538 1541
1540 1543
1545 1547
1551 1552
1547 1554
1552 1554
1556 1558
1557 1559
1562 1569
1405 -1
1424 -1
1426 -1
1450 -1
1487 -1
1512 -1
1518 -1
1523 -1
1539 -1
