1339 1340
1348 1354
1374 1376
1359 1392
1397 1398
1404 1406
1404 1406
1395 1406
1409 1412
1403 1412
1412 1413
1399 1414
1397 1419
1427 1432
1433 1434
1432 1437
1391 1438
1427 1439
1429 1439
1436 1441
1422 1442
1377 1447
1431 1448
1425 1451
1436 1453
1435 1453
1452 1455
1460 1462
1451 1464
1457 1466
1430 1479
1492 1495
1490 1497
1496 1497
1498 1499
1500 1504
1454 1505
1497 1506
1466 1511
1511 1512
1512 1513
1511 1513
1509 1514
1506 1515
1516 1517
1515 1519
1524 1525
1522 1529
1534 1535
1533 1542
1541 1543
1551 1553
1551 1553
1550 1553
1558 1561
1550 1562
1561 1572
1579 1580
1591 1593
1569 1593
1601 1611
1408 -1
1416 -1
1417 -1
1481 -1
1491 -1
1506 -1
1510 -1
1517 -1
1540 -1
