1328 1340
1367 1370
1376 1377
1376 1378
1391 1393
1361 1394
1393 1395
1381 1399
1400 1401
1404 1410
1385 1414
1415 1416
1400 1417
1417 1419
1406 1421
1379 1423
1421 1424
1421 1425
1424 1426
1421 1426
1428 1433
1374 1433
1435 1440
1380 1444
1429 1449
1443 1450
1421 1451
1420 1451
1430 1455
1427 1458
1459 1460
1465 1470
1463 1473
1488 1490
1491 1493
1491 1493
1484 1494
1483 1495
1461 1496
1498 1502
1500 1503
1485 1503
1446 1503
1513 1514
1515 1517
1511 1517
1506 1519
1511 1519
1522 1527
1527 1528
1527 1529
1527 1530
1524 1531
1532 1536
1535 1537
1535 1540
1539 1541
1541 1546
1546 1548
1537 1553
1554 1555
1564 1567
1567 1570
1568 1571
1563 1574
1412 -1
1417 -1
1421 -1
1453 -1
1487 -1
1509 -1
1518 -1
1518 -1
1537 -1
