1353 1357
1363 1364
1376 1379
1384 1391
1359 1392
1396 1397
1397 1400
1391 1407
1408 1409
1394 1411
1412 1413
1392 1414
1406 1415
1415 1417
1424 1425
1414 1427
1420 1428
1382 1429
1429 1430
1430 1437
1420 1439
1429 1441
1436 1441
1442 1443
1378 1445
1439 1445
1429 1455
1429 1461
1449 1469
1469 1474
1469 1476
1489 1490
1490 1492
1445 1496
1499 1503
1461 1504
1513 1515
1512 1519
1519 1520
1511 1521
1520 1521
1520 1521
1522 1526
1529 1530
1524 1531
1532 1534
1537 1538
1536 1541
1537 1543
1543 1545
1545 1547
1547 1548
1544 1550
1553 1557
1560 1566
1571 1575
1563 1585
1411 -1
1412 -1
1424 -1
1468 -1
1487 -1
1503 -1
1515 -1
1518 -1
1539 -1
