1285 1300
1273 1310
1308 1310
1285 1310
1277 1316
1316 1321
1316 1335
1333 1343
1305 1348
1349 1350
1345 1352
1288 1356
1343 1358
1341 1363
1314 1363
1358 1363
1356 1366
1359 1370
1285 1373
1359 1373
1361 1376
1378 1380
1378 1380
1375 1382
1348 1383
1314 1388
1382 1393
1269 1395
1396 1398
1392 1399
1391 1404
1390 1405
1370 1410
1388 1411
1411 1417
1284 1418
1417 1418
1422 1443
1441 1444
1429 1444
1330 1461
1469 1472
1468 1473
1467 1479
1466 1480
1420 1480
1474 1482
1352 1487
1481 1488
1455 1497
1345 1498
1493 1505
1413 1506
1464 1507
1505 1509
1507 1510
1512 1514
1526 1527
1420 1532
1450 1532
1531 1537
1551 1552
1543 1556
1492 1559
1573 1600
1706 1707
1709 1711
1702 1714
1259 -1
