1339 1352
1367 1370
1366 1379
1379 1381
1353 1392
1398 1400
1397 1403
1412 1418
1389 1419
1393 1424
1424 1427
1416 1428
1425 1428
1427 1429
1383 1430
1419 1434
1434 1438
1373 1438
1424 1441
1366 1442
1437 1442
1438 1447
1424 1449
1438 1451
1450 1451
1442 1454
1453 1455
1454 1456
1429 1458
1426 1466
1465 1473
1464 1478
1471 1480
1480 1482
1479 1486
1489 1493
1487 1493
1487 1494
1491 1495
1483 1496
1449 1500
1470 1502
1501 1504
1499 1515
1503 1515
1517 1519
1515 1519
1521 1522
1517 1524
1520 1525
1524 1527
1512 1527
1533 1536
1537 1539
1541 1543
1545 1546
1548 1549
1549 1550
1548 1550
1544 1550
1545 1552
1553 1555
1557 1562
1554 1563
1565 1569
1422 -1
1424 -1
1429 -1
1456 -1
1481 -1
1510 -1
1515 -1
1518 -1
1540 -1
