1292 1293
1288 1321
1319 1322
1303 1323
1289 1323
1322 1330
1307 1336
1326 1336
1318 1340
1344 1345
1335 1353
1349 1354
1351 1355
1359 1361
1301 1363
1288 1367
1349 1367
1348 1368
1319 1370
1370 1371
1369 1372
1365 1374
1365 1375
1375 1377
1362 1377
1355 1379
1379 1380
1365 1381
1376 1384
1325 1386
1377 1394
1278 1399
1390 1403
1402 1404
1392 1406
1395 1407
1395 1413
1405 1416
1314 1418
1422 1451
1328 1457
1448 1458
1453 1464
1461 1472
1464 1474
1411 1476
1469 1480
1345 1482
1474 1485
1450 1495
1496 1500
1340 1502
1419 1505
1496 1512
1494 1513
1515 1518
1515 1519
1470 1519
1518 1522
1524 1530
1451 1532
1524 1533
1426 1536
1544 1548
1495 1553
1546 1555
1553 1562
1542 1578
1684 1710
1258 -1
