1350 1353
1346 1359
1363 1374
1372 1376
1392 1395
1398 1399
1354 1400
1398 1404
1401 1407
1412 1418
1419 1425
1421 1425
1397 1426
1414 1430
1403 1431
1388 1432
1369 1434
1433 1436
1433 1436
1430 1441
1375 1441
1424 1444
1443 1444
1434 1444
1424 1445
1428 1450
1445 1452
1447 1458
1425 1458
1422 1464
1473 1475
1477 1479
1472 1480
1477 1481
1479 1487
1490 1493
1475 1497
1466 1499
1434 1501
1495 1502
1484 1502
1498 1503
1507 1508
1505 1516
1519 1522
1516 1523
1523 1524
1510 1525
1523 1526
1517 1527
1528 1529
1516 1529
1537 1539
1539 1541
1541 1542
1540 1544
1543 1545
1543 1546
1549 1551
1550 1553
1553 1554
1549 1555
1553 1555
1555 1556
1558 1559
1562 1571
1567 1575
1421 -1
1421 -1
1423 -1
1453 -1
1487 -1
1508 -1
1514 -1
1514 -1
1537 -1
