1355 1358
1386 1387
1378 1394
1388 1402
1401 1403
1402 1403
1399 1404
1401 1404
1406 1407
1406 1411
1395 1412
1416 1420
1419 1421
1421 1430
1424 1433
1415 1440
1413 1441
1433 1442
1427 1442
1379 1442
1436 1443
1432 1445
1434 1446
1443 1455
1426 1455
1452 1459
1442 1463
1445 1463
1462 1465
1388 1466
1423 1467
1454 1471
1465 1472
1472 1475
1488 1489
1472 1495
1488 1496
1450 1498
1498 1499
1504 1509
1504 1509
1511 1512
1512 1514
1517 1520
1518 1521
1519 1522
1521 1522
1512 1522
1525 1526
1524 1526
1523 1528
1533 1538
1531 1538
1537 1541
1542 1543
1544 1545
1546 1547
1552 1553
1554 1556
1552 1558
1554 1558
1560 1563
1563 1564
1546 1564
1568 1569
1565 1571
1585 1586
1567 1588
1595 1604
1406 -1
1422 -1
1424 -1
1487 -1
1489 -1
1502 -1
1510 -1
1518 -1
1536 -1
