1348 1353
1361 1362
1369 1370
1368 1376
1379 1382
1386 1387
1388 1392
1391 1393
1394 1397
1373 1397
1387 1405
1402 1405
1372 1407
1406 1407
1412 1415
1404 1416
1418 1425
1409 1426
1418 1429
1412 1432
1420 1434
1431 1437
1419 1438
1432 1439
1372 1440
1412 1440
1432 1441
1429 1446
1444 1450
1451 1456
1463 1466
1467 1469
1470 1471
1464 1471
1444 1481
1488 1490
1495 1496
1494 1496
1506 1508
1458 1513
1507 1516
1509 1517
1524 1525
1524 1527
1527 1529
1523 1531
1528 1531
1538 1539
1533 1540
1542 1544
1544 1545
1543 1546
1543 1548
1546 1550
1553 1554
1563 1568
1560 1573
1574 1593
1411 -1
1414 -1
1425 -1
1467 -1
1490 -1
1509 -1
1510 -1
1516 -1
1538 -1
