1282 1295
1299 1306
1275 1307
1276 1317
1321 1323
1281 1328
1312 1335
1333 1338
1332 1338
1337 1340
1288 1341
1344 1348
1304 1349
1357 1358
1300 1359
1292 1359
1357 1361
1342 1363
1363 1366
1362 1366
1362 1367
1345 1371
1361 1372
1376 1377
1375 1379
1374 1379
1346 1383
1331 1390
1379 1394
1282 1398
1391 1407
1376 1410
1409 1413
1276 1414
1401 1415
1404 1420
1396 1422
1414 1436
1442 1451
1432 1455
1329 1456
1466 1470
1466 1473
1467 1479
1437 1485
1472 1487
1481 1489
1355 1491
1342 1493
1459 1498
1491 1509
1508 1510
1419 1514
1471 1516
1507 1517
1517 1518
1522 1523
1452 1538
1536 1541
1420 1542
1553 1555
1544 1559
1554 1560
1500 1561
1560 1594
1257 -1
