1334 1348
1363 1365
1370 1385
1347 1394
1396 1398
1392 1399
1391 1415
1416 1418
1393 1424
1425 1429
1421 1431
1425 1432
1417 1433
1382 1435
1370 1435
1431 1437
1438 1439
1370 1440
1427 1444
1420 1449
1440 1454
1437 1455
1433 1459
1420 1462
1465 1473
1474 1477
1476 1480
1478 1485
1475 1486
1486 1490
1488 1490
1487 1491
1475 1492
1490 1498
1474 1501
1499 1501
1439 1503
1470 1504
1500 1509
1504 1518
1512 1519
1518 1520
1519 1521
1525 1526
1523 1526
1524 1527
1526 1529
1535 1537
1536 1537
1526 1537
1539 1541
1539 1542
1540 1544
1541 1546
1544 1555
1553 1555
1553 1556
1565 1567
1564 1572
1418 -1
1420 -1
1426 -1
1451 -1
1488 -1
1511 -1
1514 -1
1516 -1
1533 -1
