1331 1346
1356 1363
1363 1367
1360 1368
1392 1393
1396 1397
1396 1401
1411 1417
1371 1417
1413 1421
1406 1423
1421 1425
1428 1429
1362 1430
1402 1430
1395 1431
1428 1444
1417 1445
1426 1450
1396 1452
1446 1455
1386 1456
1443 1457
1427 1464
1463 1465
1412 1471
1471 1478
1472 1479
1474 1479
1469 1481
1481 1483
1460 1493
1493 1494
1489 1495
1493 1495
1472 1498
1479 1502
1437 1511
1508 1514
1514 1520
1517 1521
1510 1523
1514 1527
1522 1527
1523 1527
1527 1528
1518 1531
1540 1543
1542 1544
1541 1546
1547 1548
1547 1549
1549 1550
1547 1552
1547 1553
1546 1554
1557 1558
1551 1561
1410 -1
1415 -1
1433 -1
1446 -1
1490 -1
1514 -1
1516 -1
1521 -1
1539 -1
