1324 1340
1363 1365
1367 1381
1381 1386
1388 1389
1392 1397
1397 1398
1357 1401
1404 1406
1402 1406
1412 1414
1389 1420
1418 1421
1407 1421
1421 1423
1423 1424
1395 1424
1419 1425
1423 1425
1380 1425
1418 1428
1428 1432
1430 1433
1365 1441
1444 1445
1429 1446
1446 1448
1419 1449
1436 1449
1428 1450
1434 1453
1375 1459
1422 1460
1466 1467
1471 1473
1473 1475
1475 1478
1471 1481
1482 1484
1471 1484
1479 1491
1474 1492
1462 1496
1489 1497
1498 1499
1500 1504
1442 1508
1505 1517
1504 1519
1516 1520
1516 1521
1520 1522
1521 1523
1522 1526
1526 1531
1517 1534
1538 1540
1540 1542
1538 1544
1544 1545
1545 1546
1546 1548
1549 1550
1549 1551
1550 1551
1546 1556
1555 1557
1556 1557
1559 1560
1559 1569
1565 1570
1415 -1
1416 -1
1425 -1
1444 -1
1488 -1
1511 -1
1518 -1
1518 -1
1538 -1
