1299 1300
1298 1309
1308 1314
1314 1318
1270 1325
1267 1326
1326 1327
1336 1337
1323 1338
1333 1339
1346 1349
1310 1355
1352 1356
1356 1358
1346 1361
1301 1361
1359 1361
1320 1361
1344 1366
1350 1366
1367 1368
1346 1368
1360 1372
1284 1373
1351 1373
1374 1383
1394 1395
1321 1397
1386 1398
1285 1401
1396 1406
1404 1407
1372 1408
1288 1408
1406 1408
1403 1410
1412 1413
1400 1413
1401 1413
1439 1440
1433 1444
1430 1447
1441 1451
1351 1453
1471 1483
1364 1485
1425 1485
1462 1487
1489 1492
1461 1493
1347 1500
1499 1501
1503 1505
1511 1512
1509 1512
1410 1513
1512 1513
1471 1517
1501 1518
1517 1521
1521 1525
1439 1532
1427 1541
1547 1548
1543 1551
1549 1555
1506 1564
1573 1595
1688 1689
1258 -1
