1328 1329
1338 1351
1377 1378
1376 1379
1378 1392
1390 1394
1361 1396
1400 1409
1409 1417
1413 1417
1418 1420
1418 1420
1411 1422
1415 1422
1419 1423
1401 1426
1428 1430
1426 1431
1382 1431
1420 1433
1432 1435
1398 1439
1372 1440
1422 1442
1417 1443
1440 1444
1441 1445
1435 1445
1445 1446
1414 1448
1380 1450
1424 1452
1435 1460
1460 1472
1468 1472
1481 1483
1483 1485
1482 1492
1443 1497
1467 1497
1483 1499
1493 1499
1499 1502
1478 1504
1496 1504
1510 1511
1507 1514
1512 1520
1519 1520
1519 1520
1509 1520
1523 1526
1521 1532
1531 1535
1532 1537
1540 1542
1541 1544
1548 1550
1548 1552
1552 1555
1559 1561
1561 1563
1561 1563
1548 1564
1567 1572
1568 1577
1412 -1
1413 -1
1413 -1
1454 -1
1491 -1
1515 -1
1517 -1
1520 -1
1540 -1
