1268 1328
1255 1328
1332 1333
1340 1346
1326 1348
1318 1352
1280 1353
1353 1359
1320 1359
1352 1367
1361 1367
1358 1368
1351 1373
1355 1374
1347 1376
1375 1377
1290 1380
1360 1382
1379 1387
1364 1388
1377 1391
1387 1392
1371 1393
1397 1398
1320 1399
1398 1403
1400 1404
1297 1404
1405 1410
1282 1410
1381 1413
1404 1414
1420 1421
1407 1426
1414 1426
1432 1451
1451 1452
1450 1455
1444 1458
1351 1460
1465 1471
1470 1472
1462 1477
1456 1479
1362 1482
1422 1484
1472 1492
1357 1502
1502 1509
1405 1512
1501 1516
1512 1516
1515 1516
1509 1519
1481 1523
1429 1535
1452 1535
1536 1537
1534 1538
1540 1545
1506 1546
1527 1567
1557 1593
1252 -1
