1279 1302
1301 1305
1311 1316
1269 1317
1287 1317
1311 1320
1316 1330
1294 1331
1319 1338
1339 1342
1297 1355
1320 1356
1350 1357
1307 1358
1354 1360
1347 1361
1336 1361
1358 1367
1355 1367
1295 1368
1369 1370
1368 1372
1347 1373
1366 1376
1367 1377
1374 1377
1324 1381
1374 1384
1381 1392
1383 1394
1261 1396
1384 1399
1394 1402
1404 1406
1401 1406
1386 1406
1391 1409
1278 1414
1422 1451
1444 1452
1326 1457
1459 1463
1463 1469
1469 1472
1460 1473
1425 1482
1472 1484
1352 1485
1491 1495
1338 1495
1457 1497
1420 1507
1495 1510
1499 1511
1512 1513
1513 1515
1513 1516
1518 1520
1471 1520
1522 1525
1447 1531
1527 1533
1532 1536
1426 1537
1489 1551
1549 1556
1559 1564
1548 1582
1685 1700
1260 -1
