1351 1361
1371 1373
1380 1381
1388 1394
1369 1404
1405 1409
1418 1421
1421 1422
1418 1423
1421 1424
1423 1426
1422 1427
1417 1427
1427 1432
1407 1432
1433 1435
1430 1435
1431 1436
1432 1437
1387 1437
1382 1438
1439 1440
1436 1445
1428 1447
1416 1447
1386 1449
1425 1450
1423 1450
1448 1453
1421 1455
1459 1465
1472 1475
1476 1479
1485 1487
1476 1487
1488 1491
1486 1491
1491 1493
1430 1495
1466 1497
1497 1499
1494 1500
1497 1506
1508 1510
1505 1511
1504 1515
1512 1519
1521 1522
1521 1526
1524 1527
1522 1528
1527 1530
1532 1535
1542 1544
1543 1546
1544 1546
1547 1550
1553 1554
1550 1554
1554 1555
1563 1566
1561 1567
1559 1567
1564 1576
1415 -1
1419 -1
1422 -1
1469 -1
1493 -1
1512 -1
1518 -1
1524 -1
1540 -1
