1349 1360
1359 1368
1368 1369
1346 1371
1398 1399
1399 1400
1401 1402
1393 1404
1396 1404
1401 1407
1407 1414
1419 1420
1386 1421
1409 1425
1425 1426
1436 1441
1429 1442
1437 1442
1431 1444
1444 1446
1423 1447
1439 1448
1444 1450
1450 1453
1445 1458
1443 1459
1448 1461
1432 1462
1453 1462
1424 1462
1383 1464
1460 1465
1422 1465
1484 1485
1487 1488
1479 1502
1503 1504
1507 1508
1504 1510
1506 1510
1510 1512
1514 1516
1516 1519
1520 1521
1519 1521
1519 1522
1518 1522
1503 1523
1464 1527
1531 1532
1533 1538
1528 1542
1541 1543
1539 1544
1545 1550
1551 1552
1551 1555
1548 1556
1569 1572
1559 1577
1581 1584
1568 1588
1592 1595
1414 -1
1420 -1
1422 -1
1482 -1
1482 -1
1509 -1
1512 -1
1515 -1
1534 -1
