1294 1303
1281 1313
1281 1318
1300 1320
1306 1322
1321 1326
1313 1332
1274 1338
1337 1338
1306 1339
1345 1347
1295 1353
1353 1354
1351 1354
1350 1356
1352 1356
1310 1358
1362 1364
1363 1365
1356 1366
1293 1367
1339 1368
1344 1370
1361 1372
1352 1378
1256 1387
1313 1390
1394 1399
1390 1400
1381 1401
1382 1402
1403 1404
1375 1406
1403 1407
1288 1409
1383 1410
1404 1423
1407 1431
1424 1447
1332 1448
1436 1450
1462 1470
1468 1472
1467 1476
1436 1479
1451 1481
1466 1484
1448 1485
1352 1489
1338 1495
1498 1502
1412 1508
1499 1509
1504 1509
1458 1510
1493 1514
1515 1519
1515 1524
1516 1525
1524 1526
1437 1532
1414 1540
1494 1551
1548 1564
1544 1566
1668 1672
1686 1692
1253 -1
