1284 1304
1301 1307
1277 1316
1317 1319
1277 1320
1320 1325
1292 1328
1296 1334
1326 1336
1303 1346
1346 1349
1315 1352
1346 1356
1351 1356
1356 1361
1341 1365
1359 1365
1357 1367
1297 1367
1287 1372
1338 1372
1353 1374
1374 1375
1372 1376
1369 1380
1384 1387
1317 1388
1264 1389
1383 1390
1391 1392
1380 1393
1389 1404
1402 1404
1384 1411
1367 1413
1407 1414
1389 1417
1403 1422
1283 1422
1429 1440
1420 1441
1438 1448
1332 1451
1441 1452
1468 1470
1456 1477
1472 1477
1423 1487
1478 1488
1349 1490
1456 1492
1480 1494
1344 1497
1500 1505
1501 1509
1417 1513
1490 1514
1471 1517
1518 1522
1446 1533
1533 1534
1420 1537
1496 1556
1555 1558
1547 1562
1572 1573
1555 1574
1688 1706
1259 -1
