1273 1299
1300 1302
1302 1303
1278 1310
1302 1313
1310 1314
1311 1326
1299 1328
1322 1331
1332 1333
1287 1335
1327 1336
1344 1345
1342 1348
1295 1352
1336 1354
1300 1356
1354 1361
1352 1364
1364 1365
1360 1365
1359 1369
1355 1370
1288 1371
1372 1373
1362 1373
1358 1376
1341 1377
1376 1380
1334 1380
1374 1382
1349 1385
1397 1399
1392 1401
1386 1402
1400 1404
1273 1404
1397 1406
1398 1406
1393 1410
1288 1411
1434 1441
1443 1445
1417 1446
1333 1449
1459 1466
1455 1471
1456 1476
1412 1480
1481 1492
1483 1492
1351 1495
1489 1495
1336 1496
1452 1508
1500 1509
1505 1509
1508 1510
1415 1511
1510 1512
1504 1513
1514 1518
1518 1523
1477 1527
1449 1534
1527 1537
1420 1539
1538 1540
1484 1556
1556 1561
1557 1566
1564 1600
1714 1727
1268 -1
