1361 1368
1356 1375
1376 1378
1379 1381
1382 1384
1388 1391
1387 1392
1384 1394
1391 1397
1395 1397
1393 1398
1392 1403
1396 1404
1393 1406
1400 1409
1411 1412
1413 1422
1384 1422
1425 1426
1428 1429
1415 1430
1429 1431
1429 1433
1428 1433
1431 1436
1434 1436
1423 1438
1424 1441
1380 1450
1427 1451
1451 1453
1445 1458
1449 1461
1457 1461
1461 1462
1429 1463
1458 1463
1467 1470
1478 1480
1481 1482
1456 1483
1495 1496
1498 1501
1502 1503
1499 1503
1501 1508
1465 1514
1512 1518
1520 1522
1519 1523
1507 1525
1524 1526
1522 1526
1523 1530
1531 1532
1535 1539
1542 1546
1549 1551
1552 1553
1549 1558
1555 1558
1557 1559
1562 1567
1549 1568
1574 1588
1408 -1
1416 -1
1425 -1
1462 -1
1484 -1
1505 -1
1513 -1
1518 -1
1533 -1
