1292 1307
1270 1312
1313 1317
1316 1317
1269 1318
1312 1319
1318 1321
1295 1322
1335 1337
1336 1340
1337 1341
1309 1344
1308 1351
1291 1352
1315 1356
1352 1357
1350 1361
1354 1364
1357 1365
1293 1368
1355 1369
1350 1370
1353 1370
1362 1372
1348 1373
1373 1375
1376 1382
1382 1386
1282 1393
1322 1397
1398 1405
1370 1411
1407 1411
1409 1412
1399 1413
1282 1416
1405 1418
1409 1430
1339 1452
1445 1455
1436 1460
1462 1472
1352 1482
1422 1484
1460 1487
1475 1487
1486 1488
1460 1490
1343 1500
1497 1503
1406 1508
1500 1509
1496 1516
1514 1516
1470 1517
1529 1531
1448 1532
1425 1539
1533 1539
1546 1556
1554 1557
1552 1558
1499 1558
1575 1594
1654 1662
1673 1682
1254 -1
