1314 1315
1291 1315
1315 1316
1278 1317
1318 1319
1320 1324
1323 1326
1316 1326
1307 1328
1307 1328
1282 1333
1317 1335
1315 1338
1349 1350
1344 1351
1352 1355
1294 1355
1356 1363
1359 1363
1362 1370
1302 1372
1366 1372
1340 1372
1313 1372
1363 1374
1366 1375
1346 1376
1368 1376
1349 1377
1380 1383
1263 1383
1322 1386
1388 1389
1378 1391
1392 1394
1369 1396
1384 1399
1397 1402
1376 1409
1387 1409
1301 1414
1389 1416
1409 1426
1417 1432
1444 1452
1427 1454
1325 1457
1454 1467
1451 1470
1423 1476
1472 1482
1468 1485
1454 1489
1478 1490
1358 1491
1346 1498
1413 1509
1512 1518
1513 1522
1498 1522
1478 1526
1529 1534
1529 1534
1442 1535
1536 1537
1434 1539
1496 1548
1548 1556
1553 1556
1557 1574
1631 1634
1231 -1
