1336 1346
1370 1375
1372 1383
1353 1386
1389 1390
1391 1392
1402 1404
1395 1414
1415 1416
1409 1417
1394 1419
1389 1420
1419 1421
1369 1423
1419 1423
1414 1428
1420 1431
1429 1432
1417 1433
1435 1436
1430 1438
1416 1441
1376 1443
1424 1446
1432 1446
1429 1451
1423 1455
1457 1459
1460 1461
1457 1463
1463 1465
1467 1470
1431 1475
1485 1486
1484 1486
1484 1487
1493 1494
1496 1499
1498 1506
1468 1510
1517 1518
1517 1519
1508 1520
1516 1522
1508 1522
1522 1523
1526 1527
1522 1531
1530 1537
1539 1540
1542 1544
1541 1546
1556 1559
1564 1568
1564 1579
1406 -1
1411 -1
1417 -1
1454 -1
1481 -1
1504 -1
1514 -1
1521 -1
1540 -1
