1340 1344
1374 1378
1380 1382
1377 1385
1369 1401
1400 1404
1404 1405
1404 1405
1412 1413
1402 1414
1415 1417
1419 1421
1401 1427
1422 1428
1383 1429
1418 1430
1429 1431
1427 1431
1399 1433
1426 1435
1377 1435
1433 1437
1384 1439
1420 1440
1428 1442
1437 1446
1418 1447
1438 1447
1417 1463
1463 1469
1459 1472
1445 1472
1482 1486
1488 1489
1484 1491
1489 1492
1463 1496
1494 1498
1496 1500
1446 1504
1482 1507
1512 1513
1508 1513
1512 1514
1511 1516
1508 1521
1511 1522
1523 1525
1524 1526
1526 1528
1525 1529
1529 1533
1520 1536
1535 1537
1538 1539
1544 1546
1546 1547
1546 1549
1550 1551
1548 1551
1546 1555
1545 1555
1553 1556
1556 1557
1555 1559
1564 1572
1571 1577
1417 -1
1421 -1
1424 -1
1453 -1
1494 -1
1508 -1
1516 -1
1519 -1
1542 -1
