1288 1296
1301 1306
1273 1307
1301 1311
1276 1312
1314 1315
1323 1327
1299 1327
1326 1330
1317 1331
1267 1332
1329 1334
1307 1336
1311 1348
1344 1351
1351 1356
1350 1356
1350 1356
1289 1359
1294 1361
1343 1362
1358 1365
1362 1367
1335 1370
1367 1371
1350 1374
1373 1380
1281 1389
1379 1390
1308 1401
1386 1408
1391 1408
1274 1411
1400 1412
1409 1412
1370 1422
1413 1425
1427 1435
1423 1440
1331 1453
1448 1455
1453 1461
1470 1474
1468 1479
1475 1480
1451 1484
1361 1484
1435 1487
1461 1488
1473 1489
1487 1493
1340 1496
1461 1507
1508 1509
1412 1510
1508 1512
1499 1518
1518 1521
1518 1525
1452 1534
1533 1534
1418 1538
1556 1560
1547 1562
1501 1563
1566 1592
1673 1687
1246 -1
