1280 1283
1280 1304
1282 1306
1305 1308
1310 1313
1312 1320
1296 1321
1311 1321
1285 1324
1313 1333
1330 1335
1330 1339
1334 1340
1339 1341
1344 1346
1341 1347
1336 1348
1308 1353
1331 1355
1303 1356
1286 1359
1355 1363
1362 1366
1334 1369
1366 1369
1351 1370
1366 1372
1365 1375
1374 1375
1367 1377
1311 1377
1381 1382
1352 1385
1390 1402
1396 1405
1404 1406
1400 1407
1383 1407
1278 1408
1394 1408
1289 1408
1433 1440
1438 1440
1420 1447
1328 1459
1458 1460
1463 1478
1469 1480
1413 1485
1481 1489
1346 1490
1488 1493
1490 1494
1338 1500
1457 1503
1504 1507
1508 1509
1413 1511
1504 1511
1499 1511
1473 1519
1514 1520
1530 1531
1422 1534
1532 1534
1533 1537
1449 1538
1482 1556
1553 1561
1556 1562
1558 1598
1704 1720
1275 -1
