1343 1356
1371 1374
1368 1384
1384 1385
1385 1386
1354 1389
1397 1401
1385 1415
1393 1417
1414 1418
1401 1421
1422 1426
1422 1426
1367 1427
1432 1433
1429 1434
1426 1436
1373 1437
1420 1437
1430 1443
1442 1446
1430 1446
1432 1448
1438 1449
1440 1450
1419 1451
1454 1458
1428 1459
1468 1469
1462 1469
1468 1473
1479 1483
1476 1484
1445 1486
1489 1490
1489 1493
1492 1496
1487 1497
1496 1502
1466 1503
1506 1517
1511 1519
1508 1521
1521 1524
1520 1524
1518 1527
1532 1533
1532 1534
1539 1542
1542 1543
1543 1545
1545 1547
1547 1548
1548 1549
1549 1551
1552 1554
1550 1556
1555 1556
1559 1563
1560 1566
1560 1569
1567 1572
1415 -1
1420 -1
1423 -1
1450 -1
1481 -1
1509 -1
1511 -1
1519 -1
1542 -1
