1265 1304
1286 1304
1304 1307
1298 1314
1310 1315
1294 1318
1319 1326
1326 1327
1296 1328
1284 1330
1331 1334
1292 1337
1311 1338
1282 1343
1303 1346
1345 1347
1337 1354
1359 1361
1358 1362
1358 1363
1363 1364
1361 1365
1361 1367
1329 1369
1366 1372
1349 1381
1265 1382
1322 1382
1369 1384
1376 1388
1394 1397
1377 1397
1377 1399
1275 1404
1397 1406
1402 1406
1385 1415
1394 1419
1414 1419
1433 1438
1415 1443
1318 1445
1435 1452
1469 1471
1460 1473
1437 1477
1466 1479
1461 1479
1466 1481
1357 1490
1332 1492
1449 1494
1422 1512
1510 1513
1496 1516
1503 1516
1465 1519
1518 1522
1517 1526
1524 1528
1526 1529
1529 1530
1441 1532
1424 1537
1487 1557
1552 1570
1537 1575
1695 1696
1700 1704
1697 1706
1236 -1
