1349 1356
1358 1359
1364 1368
1364 1369
1379 1380
1377 1382
1371 1384
1379 1384
1383 1386
1382 1389
1378 1394
1387 1395
1384 1400
1409 1411
1371 1412
1410 1413
1409 1422
1417 1424
1424 1425
1422 1425
1402 1426
1412 1429
1433 1434
1434 1435
1427 1435
1377 1440
1440 1441
1432 1443
1440 1443
1443 1444
1436 1448
1425 1448
1445 1454
1437 1454
1416 1456
1464 1465
1458 1467
1467 1469
1426 1479
1477 1481
1482 1483
1486 1487
1496 1497
1493 1499
1507 1509
1465 1510
1512 1513
1511 1517
1517 1519
1512 1520
1502 1520
1522 1525
1525 1526
1524 1527
1522 1529
1527 1529
1528 1532
1538 1539
1540 1541
1538 1544
1545 1549
1549 1550
1549 1551
1548 1552
1554 1557
1555 1561
1569 1588
1404 -1
1413 -1
1414 -1
1466 -1
1492 -1
1510 -1
1517 -1
1519 -1
1542 -1
