1355 1357
1358 1360
1367 1370
1353 1378
1382 1384
1383 1402
1397 1405
1399 1407
1388 1407
1405 1408
1407 1425
1425 1430
1430 1434
1425 1437
1431 1437
1374 1440
1435 1441
1387 1443
1440 1446
1427 1447
1438 1448
1448 1449
1442 1449
1438 1452
1456 1458
1429 1461
1449 1467
1465 1474
1472 1474
1445 1490
1493 1495
1495 1496
1496 1497
1472 1506
1505 1509
1509 1510
1505 1512
1503 1513
1515 1519
1517 1520
1526 1527
1526 1530
1530 1536
1534 1537
1537 1538
1544 1547
1547 1551
1549 1551
1553 1557
1553 1558
1562 1563
1562 1570
1580 1585
1569 1593
1410 -1
1417 -1
1421 -1
1473 -1
1487 -1
1506 -1
1513 -1
1515 -1
1535 -1
