1290 1294
1307 1310
1286 1313
1284 1315
1318 1319
1316 1326
1295 1330
1329 1333
1329 1335
1329 1338
1301 1339
1319 1346
1349 1352
1354 1356
1336 1357
1335 1357
1315 1358
1324 1363
1363 1364
1366 1367
1288 1368
1354 1369
1368 1371
1362 1372
1361 1375
1363 1376
1374 1376
1372 1376
1338 1376
1371 1377
1379 1380
1338 1387
1336 1388
1284 1394
1385 1396
1382 1397
1393 1401
1393 1401
1376 1402
1385 1403
1403 1406
1389 1409
1298 1416
1415 1421
1422 1423
1439 1452
1426 1455
1454 1457
1328 1457
1455 1468
1459 1475
1417 1476
1356 1487
1449 1490
1484 1491
1488 1491
1480 1492
1346 1500
1505 1507
1498 1508
1496 1509
1431 1510
1511 1513
1513 1515
1513 1517
1469 1525
1446 1531
1429 1534
1534 1538
1537 1544
1524 1548
1545 1549
1476 1550
1560 1568
1534 1571
1701 1723
1241 -1
