1347 1352
1367 1378
1378 1379
1380 1382
1357 1389
1396 1397
1399 1400
1401 1402
1404 1405
1400 1405
1404 1406
1387 1411
1391 1413
1399 1420
1423 1424
1424 1426
1410 1428
1421 1428
1429 1432
1368 1433
1431 1434
1415 1436
1419 1438
1426 1439
1438 1439
1435 1441
1433 1441
1378 1448
1441 1453
1432 1453
1447 1453
1440 1459
1436 1461
1461 1465
1431 1466
1471 1474
1472 1474
1477 1478
1434 1478
1485 1489
1495 1499
1498 1500
1475 1503
1501 1506
1517 1518
1514 1520
1508 1523
1522 1523
1516 1524
1524 1525
1524 1525
1524 1527
1523 1528
1522 1530
1527 1530
1528 1536
1536 1537
1549 1550
1551 1552
1552 1555
1553 1555
1553 1555
1550 1559
1560 1563
1553 1564
1565 1569
1565 1578
1413 -1
1416 -1
1430 -1
1455 -1
1490 -1
1502 -1
1510 -1
1521 -1
1539 -1
