1278 1282
1267 1289
1293 1298
1267 1308
1306 1317
1312 1318
1317 1321
1316 1323
1287 1323
1314 1323
1287 1326
1304 1329
1288 1341
1346 1347
1346 1348
1347 1349
1348 1350
1319 1354
1304 1354
1343 1356
1357 1359
1288 1361
1332 1361
1357 1367
1357 1368
1341 1370
1363 1370
1373 1375
1323 1377
1369 1378
1368 1378
1371 1382
1377 1391
1385 1393
1393 1394
1379 1394
1392 1397
1392 1398
1398 1399
1266 1402
1378 1403
1393 1409
1287 1412
1440 1451
1419 1454
1451 1454
1324 1457
1426 1473
1464 1477
1461 1478
1479 1487
1354 1488
1477 1489
1485 1489
1329 1495
1458 1499
1502 1503
1499 1507
1422 1510
1496 1511
1471 1521
1515 1524
1451 1531
1522 1531
1422 1534
1537 1542
1532 1544
1484 1545
1563 1566
1542 1575
1687 1713
1255 -1
