1335 1347
1358 1359
1358 1360
1364 1365
1369 1379
1390 1393
1400 1401
1394 1401
1357 1402
1403 1404
1410 1414
1415 1418
1404 1418
1395 1419
1387 1421
1422 1423
1422 1425
1425 1426
1427 1428
1392 1433
1372 1444
1382 1447
1439 1448
1435 1449
1412 1449
1418 1450
1415 1452
1428 1454
1462 1466
1481 1483
1478 1483
1481 1488
1478 1488
1477 1488
1461 1490
1482 1490
1490 1493
1492 1498
1497 1499
1478 1502
1481 1504
1436 1504
1512 1519
1509 1522
1518 1523
1521 1525
1525 1526
1515 1526
1525 1528
1526 1528
1524 1531
1537 1538
1539 1540
1539 1544
1544 1545
1541 1556
1555 1556
1549 1563
1561 1566
1562 1566
1411 -1
1418 -1
1419 -1
1449 -1
1485 -1
1511 -1
1516 -1
1518 -1
1535 -1
