1288 1301
1301 1311
1284 1314
1313 1317
1317 1318
1276 1318
1272 1318
1297 1325
1323 1336
1333 1337
1288 1339
1299 1346
1345 1350
1337 1351
1315 1353
1350 1356
1356 1362
1361 1362
1349 1364
1363 1364
1353 1364
1291 1367
1363 1367
1358 1369
1336 1369
1371 1377
1366 1378
1364 1384
1323 1387
1248 1389
1377 1391
1373 1397
1397 1398
1375 1402
1403 1404
1404 1405
1280 1407
1397 1408
1392 1411
1404 1414
1414 1420
1407 1425
1417 1429
1450 1451
1331 1452
1427 1453
1456 1466
1452 1467
1463 1470
1473 1481
1471 1483
1434 1484
1481 1486
1364 1492
1341 1494
1456 1496
1413 1509
1494 1515
1470 1516
1508 1521
1518 1521
1519 1522
1524 1526
1530 1532
1444 1533
1431 1541
1556 1558
1504 1562
1559 1574
1560 1575
1635 1647
1654 1671
1242 -1
