1283 1297
1290 1302
1318 1319
1315 1320
1280 1324
1286 1324
1293 1330
1320 1334
1331 1334
1332 1340
1333 1341
1291 1342
1342 1345
1321 1346
1349 1352
1282 1359
1333 1360
1354 1363
1313 1365
1360 1367
1335 1370
1347 1372
1370 1373
1362 1374
1371 1374
1362 1377
1351 1383
1383 1386
1385 1386
1327 1387
1384 1388
1280 1391
1388 1392
1360 1393
1303 1401
1388 1407
1394 1411
1404 1412
1438 1444
1414 1446
1339 1455
1431 1482
1473 1484
1466 1484
1471 1487
1350 1491
1486 1491
1450 1491
1344 1497
1428 1501
1507 1509
1503 1509
1508 1514
1500 1518
1465 1519
1519 1520
1421 1531
1532 1533
1526 1535
1514 1536
1439 1539
1539 1544
1470 1551
1568 1575
1531 1578
1706 1718
1724 1725
1243 -1
