1289 1308
1269 1314
1306 1317
1298 1318
1257 1322
1325 1329
1309 1340
1293 1342
1345 1346
1290 1350
1342 1357
1356 1358
1319 1358
1345 1360
1358 1361
1336 1362
1360 1363
1345 1365
1340 1367
1367 1373
1373 1374
1372 1375
1368 1376
1367 1378
1297 1378
1372 1380
1379 1385
1378 1385
1273 1388
1311 1394
1390 1400
1400 1403
1406 1408
1392 1408
1289 1409
1401 1409
1407 1412
1373 1413
1417 1433
1340 1451
1437 1453
1450 1461
1461 1466
1472 1473
1463 1485
1352 1487
1424 1487
1486 1490
1476 1493
1455 1494
1493 1497
1349 1504
1500 1505
1407 1507
1493 1507
1512 1515
1469 1520
1523 1527
1445 1533
1424 1540
1549 1565
1561 1566
1514 1566
1568 1572
1571 1595
1655 1667
1670 1684
1244 -1
