1353 1359
1369 1371
1374 1377
1379 1381
1369 1382
1365 1387
1395 1399
1393 1410
1387 1411
1411 1414
1407 1416
1377 1417
1415 1422
1411 1428
1372 1431
1431 1434
1435 1436
1430 1438
1432 1439
1375 1439
1441 1444
1424 1446
1435 1448
1435 1449
1448 1450
1438 1450
1436 1458
1434 1465
1431 1470
1466 1470
1472 1473
1477 1479
1485 1488
1443 1488
1490 1491
1490 1494
1498 1501
1468 1503
1502 1503
1507 1508
1507 1512
1506 1516
1503 1517
1512 1519
1522 1523
1521 1526
1522 1527
1528 1531
1523 1532
1534 1536
1533 1537
1534 1537
1544 1546
1548 1550
1546 1551
1543 1551
1553 1554
1556 1558
1552 1560
1562 1571
1564 1575
1415 -1
1420 -1
1425 -1
1455 -1
1487 -1
1502 -1
1514 -1
1515 -1
1540 -1
