1333 1344
1355 1358
1368 1371
1365 1378
1372 1378
1354 1379
1380 1386
1389 1405
1374 1406
1407 1409
1410 1413
1362 1422
1391 1424
1427 1430
1428 1430
1370 1433
1433 1434
1420 1434
1434 1440
1429 1440
1425 1440
1430 1441
1446 1450
1449 1450
1432 1451
1447 1452
1437 1453
1425 1453
1417 1455
1429 1466
1465 1467
1460 1467
1475 1476
1481 1482
1478 1482
1479 1484
1439 1484
1482 1486
1489 1490
1480 1494
1498 1503
1499 1505
1469 1511
1504 1516
1503 1517
1518 1519
1507 1520
1518 1521
1522 1525
1528 1536
1547 1557
1553 1558
1557 1559
1558 1559
1553 1560
1563 1569
1569 1570
1565 1570
1409 -1
1410 -1
1419 -1
1443 -1
1479 -1
1513 -1
1515 -1
1521 -1
1542 -1
