1346 1358
1363 1367
1367 1368
1364 1372
1363 1373
1385 1386
1382 1397
1385 1399
1397 1402
1405 1406
1380 1409
1406 1409
1412 1417
1413 1417
1381 1422
1401 1423
1414 1424
1410 1426
1425 1426
1368 1427
1416 1430
1435 1436
1429 1437
1426 1438
1430 1439
1419 1445
1412 1446
1432 1448
1456 1459
1458 1459
1441 1462
1464 1472
1473 1476
1474 1476
1430 1478
1478 1480
1476 1481
1484 1486
1492 1493
1493 1495
1488 1501
1500 1502
1499 1503
1465 1507
1510 1518
1520 1521
1506 1522
1517 1523
1518 1525
1524 1525
1524 1527
1530 1531
1528 1533
1531 1534
1539 1540
1539 1545
1545 1546
1547 1548
1550 1551
1549 1552
1558 1561
1560 1566
1559 1571
1572 1582
1410 -1
1411 -1
1415 -1
1457 -1
1487 -1
1512 -1
1514 -1
1516 -1
1538 -1
