1270 1310
1310 1314
1310 1317
1306 1317
1296 1317
1299 1326
1287 1327
1308 1330
1327 1333
1312 1333
1314 1334
1290 1339
1345 1349
1350 1353
1351 1356
1305 1357
1350 1359
1351 1364
1301 1364
1365 1370
1348 1371
1363 1374
1371 1374
1341 1374
1370 1377
1374 1378
1360 1383
1319 1387
1262 1388
1378 1394
1379 1399
1396 1399
1381 1400
1392 1401
1383 1403
1399 1404
1402 1407
1280 1410
1394 1411
1410 1430
1430 1434
1318 1449
1421 1450
1449 1460
1464 1465
1455 1467
1460 1476
1430 1476
1465 1481
1473 1484
1351 1486
1446 1492
1330 1493
1506 1510
1499 1512
1495 1512
1422 1513
1469 1513
1513 1519
1518 1521
1521 1526
1519 1528
1443 1530
1423 1537
1484 1551
1550 1557
1551 1565
1541 1569
1703 1704
1697 1707
1694 1708
1242 -1
