1268 1305
1302 1306
1303 1312
1313 1316
1284 1316
1303 1321
1306 1327
1283 1330
1304 1334
1318 1335
1295 1338
1337 1344
1354 1355
1354 1357
1354 1357
1356 1359
1312 1359
1349 1364
1331 1366
1294 1369
1369 1370
1360 1372
1367 1372
1364 1373
1364 1374
1355 1376
1358 1380
1390 1391
1317 1391
1258 1392
1389 1400
1398 1401
1400 1401
1380 1402
1390 1406
1384 1407
1401 1408
1398 1411
1274 1413
1388 1414
1422 1424
1421 1430
1411 1431
1432 1437
1423 1447
1334 1451
1445 1453
1471 1474
1450 1475
1464 1475
1465 1479
1456 1482
1417 1482
1469 1484
1348 1486
1492 1493
1342 1500
1430 1509
1492 1511
1464 1511
1513 1517
1508 1520
1524 1525
1518 1528
1528 1531
1445 1532
1423 1535
1542 1548
1487 1553
1555 1567
1545 1578
1690 1693
1683 1713
1247 -1
