1258 1303
1282 1303
1302 1307
1283 1307
1289 1311
1303 1317
1312 1317
1292 1319
1308 1319
1302 1327
1321 1329
1303 1329
1290 1331
1336 1348
1347 1351
1350 1353
1340 1354
1294 1354
1300 1361
1341 1364
1357 1364
1358 1367
1316 1367
1359 1367
1364 1368
1372 1374
1371 1376
1372 1376
1345 1377
1339 1377
1389 1392
1375 1393
1371 1394
1384 1396
1261 1397
1393 1400
1370 1401
1388 1404
1399 1409
1258 1411
1400 1423
1420 1449
1308 1451
1438 1453
1463 1464
1453 1471
1454 1474
1476 1480
1426 1480
1487 1488
1325 1490
1357 1491
1484 1498
1468 1504
1503 1509
1509 1511
1433 1512
1506 1512
1506 1512
1502 1513
1481 1525
1523 1527
1433 1531
1431 1536
1539 1543
1518 1549
1489 1549
1565 1573
1539 1592
1703 1704
1702 1726
1255 -1
