1346 1351
1363 1364
1351 1367
1377 1378
1379 1383
1383 1388
1377 1390
1395 1396
1395 1398
1390 1398
1391 1405
1406 1407
1398 1409
1401 1410
1412 1423
1427 1428
1415 1428
1379 1428
1427 1431
1428 1431
1431 1433
1430 1435
1425 1439
1428 1440
1426 1441
1423 1442
1374 1442
1435 1443
1422 1452
1455 1460
1461 1462
1447 1463
1465 1467
1469 1476
1455 1483
1484 1486
1488 1490
1498 1499
1499 1502
1504 1505
1503 1505
1497 1508
1503 1516
1507 1516
1482 1517
1523 1526
1523 1527
1527 1528
1529 1531
1525 1532
1530 1533
1534 1537
1532 1538
1552 1557
1555 1558
1566 1571
1557 1573
1569 1589
1580 1589
1412 -1
1418 -1
1419 -1
1461 -1
1490 -1
1509 -1
1514 -1
1517 -1
1540 -1
