1330 1340
1347 1349
1354 1355
1356 1365
1363 1365
1381 1384
1389 1390
1390 1391
1391 1394
1351 1405
1402 1407
1405 1410
1416 1417
1418 1422
1394 1422
1410 1425
1421 1426
1426 1430
1390 1431
1426 1432
1431 1433
1430 1435
1436 1437
1393 1437
1362 1440
1376 1445
1412 1447
1443 1449
1434 1451
1420 1453
1451 1453
1440 1453
1419 1454
1425 1461
1465 1467
1475 1478
1476 1480
1469 1482
1482 1484
1481 1485
1480 1485
1485 1488
1488 1492
1491 1493
1466 1495
1499 1502
1482 1504
1465 1505
1435 1507
1519 1520
1520 1521
1521 1522
1509 1522
1505 1523
1518 1528
1527 1531
1533 1539
1515 1539
1540 1541
1538 1541
1540 1546
1554 1556
1551 1556
1543 1561
1557 1563
1561 1568
1417 -1
1417 -1
1427 -1
1444 -1
1484 -1
1507 -1
1515 -1
1526 -1
1538 -1
