1338 1353
1373 1376
1370 1379
1368 1384
1383 1384
1394 1395
1386 1395
1401 1402
1367 1405
1404 1409
1417 1418
1417 1418
1398 1418
1417 1419
1378 1422
1422 1425
1409 1425
1425 1427
1425 1430
1368 1430
1423 1430
1427 1431
1421 1433
1401 1435
1425 1437
1413 1440
1430 1454
1440 1455
1404 1456
1461 1463
1460 1469
1461 1477
1474 1477
1476 1481
1479 1481
1429 1484
1492 1493
1493 1495
1453 1498
1478 1499
1497 1502
1503 1514
1505 1520
1520 1521
1520 1524
1527 1528
1515 1528
1522 1529
1524 1532
1526 1533
1535 1537
1539 1542
1532 1544
1543 1544
1542 1546
1548 1549
1548 1549
1552 1553
1552 1555
1554 1557
1554 1558
1557 1564
1558 1565
1573 1574
1406 -1
1407 -1
1411 -1
1459 -1
1490 -1
1504 -1
1511 -1
1512 -1
1536 -1
