1351 1357
1353 1358
1371 1372
1369 1374
1370 1376
1378 1380
1384 1385
1368 1386
1375 1388
1377 1389
1397 1406
1396 1408
1406 1411
1376 1415
1415 1420
1400 1420
1424 1425
1427 1428
1422 1430
1365 1435
1427 1437
1420 1438
1430 1441
1438 1441
1433 1444
1444 1448
1441 1448
1425 1448
1442 1451
1449 1451
1450 1452
1438 1454
1427 1464
1464 1471
1474 1475
1432 1479
1487 1488
1496 1497
1485 1500
1468 1509
1510 1515
1501 1523
1512 1523
1522 1524
1526 1527
1530 1531
1527 1531
1526 1532
1532 1533
1525 1533
1532 1535
1528 1535
1538 1543
1542 1543
1542 1544
1551 1554
1555 1557
1556 1562
1569 1576
1571 1584
1410 -1
1414 -1
1419 -1
1456 -1
1488 -1
1507 -1
1511 -1
1515 -1
1537 -1
