1281 1296
1291 1312
1314 1315
1273 1315
1323 1324
1261 1331
1333 1338
1305 1342
1345 1347
1310 1350
1302 1351
1291 1352
1353 1354
1353 1354
1352 1354
1350 1354
1355 1359
1342 1363
1352 1364
1342 1366
1359 1367
1362 1368
1294 1369
1372 1375
1366 1378
1369 1380
1379 1381
1380 1385
1387 1389
1329 1391
1275 1396
1397 1400
1393 1402
1392 1404
1406 1408
1410 1413
1402 1417
1278 1418
1380 1422
1422 1437
1440 1445
1427 1447
1343 1452
1464 1471
1460 1474
1421 1476
1468 1481
1354 1482
1487 1488
1463 1490
1463 1493
1338 1493
1502 1505
1502 1509
1407 1510
1470 1512
1508 1516
1517 1518
1498 1519
1517 1519
1518 1521
1524 1527
1456 1531
1415 1535
1543 1554
1507 1560
1559 1560
1544 1562
1566 1593
1673 1683
1689 1692
1257 -1
