1345 1349
1359 1362
1381 1383
1383 1384
1358 1387
1391 1394
1392 1394
1392 1396
1394 1402
1392 1405
1408 1409
1411 1414
1394 1418
1424 1426
1404 1433
1425 1435
1429 1437
1372 1438
1436 1440
1423 1440
1434 1440
1427 1443
1438 1445
1438 1446
1392 1450
1452 1453
1428 1454
1448 1455
1447 1458
1456 1460
1449 1462
1428 1463
1468 1469
1460 1472
1466 1477
1486 1491
1450 1501
1499 1502
1503 1507
1512 1515
1513 1515
1513 1515
1473 1516
1511 1516
1512 1518
1517 1518
1517 1519
1510 1519
1526 1537
1538 1539
1534 1539
1540 1542
1542 1547
1546 1549
1552 1553
1553 1557
1560 1565
1562 1569
1576 1577
1585 1586
1564 1588
1592 1608
1406 -1
1414 -1
1425 -1
1484 -1
1491 -1
1509 -1
1519 -1
1522 -1
1549 -1
