1278 1310
1312 1313
1310 1315
1288 1321
1320 1321
1288 1322
1322 1331
1316 1331
1320 1331
1295 1331
1317 1335
1337 1338
1346 1347
1326 1350
1338 1351
1307 1351
1347 1352
1350 1353
1345 1361
1362 1364
1289 1365
1334 1370
1361 1372
1319 1372
1370 1373
1367 1375
1364 1375
1369 1376
1352 1378
1351 1380
1319 1390
1381 1391
1387 1398
1274 1399
1399 1400
1391 1404
1394 1405
1389 1409
1295 1413
1391 1414
1426 1427
1442 1443
1443 1447
1424 1450
1325 1455
1463 1473
1466 1483
1420 1484
1479 1487
1477 1488
1348 1490
1494 1500
1450 1502
1341 1503
1501 1510
1499 1511
1510 1512
1429 1515
1475 1518
1519 1521
1520 1521
1443 1533
1526 1534
1424 1537
1538 1543
1491 1551
1540 1556
1559 1561
1559 1597
1712 1731
1269 -1
