1331 1344
1363 1364
1361 1366
1363 1367
1363 1372
1382 1383
1382 1385
1389 1391
1397 1400
1397 1404
1361 1408
1404 1413
1413 1415
1416 1418
1417 1418
1419 1420
1407 1423
1396 1427
1372 1430
1394 1432
1432 1433
1382 1433
1433 1439
1419 1447
1420 1447
1421 1447
1416 1449
1445 1453
1447 1455
1375 1456
1416 1471
1469 1472
1471 1473
1466 1475
1473 1478
1479 1487
1478 1488
1485 1494
1492 1494
1470 1496
1496 1499
1461 1500
1500 1505
1435 1511
1512 1522
1522 1523
1520 1523
1515 1524
1519 1524
1512 1524
1525 1527
1524 1528
1528 1531
1513 1534
1533 1534
1534 1535
1535 1536
1537 1541
1541 1542
1550 1557
1548 1558
1549 1558
1416 -1
1421 -1
1426 -1
1452 -1
1492 -1
1508 -1
1516 -1
1522 -1
1536 -1
