1351 1354
1354 1357
1361 1362
1365 1366
1372 1375
1363 1378
1374 1378
1371 1382
1388 1390
1387 1391
1391 1392
1397 1398
1384 1401
1397 1404
1398 1404
1363 1407
1399 1408
1411 1413
1409 1422
1418 1428
1429 1433
1414 1435
1425 1436
1413 1442
1441 1442
1440 1443
1443 1445
1441 1445
1380 1445
1435 1448
1440 1449
1443 1450
1420 1450
1423 1451
1446 1456
1450 1456
1411 1460
1469 1471
1424 1477
1484 1486
1487 1488
1487 1492
1490 1493
1502 1503
1502 1504
1457 1506
1500 1513
1499 1515
1524 1526
1523 1526
1520 1527
1525 1528
1525 1528
1527 1528
1522 1530
1529 1532
1532 1536
1537 1538
1533 1538
1542 1544
1544 1545
1546 1548
1544 1550
1550 1552
1561 1562
1547 1564
1566 1567
1567 1571
1571 1579
1411 -1
1413 -1
1421 -1
1459 -1
1481 -1
1511 -1
1516 -1
1517 -1
1537 -1
