1321 1322
1351 1357
1356 1358
1369 1374
1352 1375
1377 1384
1380 1385
1384 1385
1380 1390
1390 1393
1396 1398
1397 1406
1406 1414
1374 1414
1405 1417
1415 1425
1412 1427
1421 1432
1418 1438
1426 1441
1437 1441
1420 1442
1443 1444
1372 1444
1434 1445
1423 1445
1439 1446
1443 1449
1458 1464
1463 1465
1420 1466
1467 1469
1427 1478
1497 1499
1498 1502
1505 1506
1504 1507
1502 1510
1512 1513
1498 1514
1463 1518
1522 1525
1523 1525
1526 1528
1531 1532
1532 1534
1533 1535
1534 1535
1532 1536
1530 1538
1533 1539
1538 1541
1541 1542
1543 1545
1541 1545
1548 1549
1548 1549
1548 1550
1548 1556
1565 1569
1557 1570
1578 1595
1414 -1
1420 -1
1430 -1
1465 -1
1492 -1
1513 -1
1515 -1
1519 -1
1537 -1
