1287 1292
1279 1295
1301 1303
1279 1303
1304 1307
1301 1311
1313 1325
1286 1326
1293 1329
1323 1330
1307 1336
1326 1337
1333 1343
1302 1343
1345 1350
1350 1352
1308 1354
1336 1359
1300 1359
1344 1364
1319 1364
1327 1365
1350 1367
1357 1367
1355 1369
1365 1373
1352 1374
1340 1374
1377 1385
1378 1388
1336 1389
1383 1391
1278 1394
1389 1397
1381 1401
1397 1403
1378 1406
1389 1410
1280 1414
1416 1419
1417 1419
1437 1447
1327 1450
1421 1454
1466 1477
1470 1481
1462 1481
1419 1482
1339 1483
1484 1492
1449 1498
1333 1503
1429 1505
1496 1507
1511 1515
1502 1515
1516 1517
1466 1520
1443 1533
1422 1533
1533 1539
1475 1539
1520 1542
1546 1550
1562 1566
1526 1571
1709 1723
1234 -1
