1283 1296
1301 1307
1307 1312
1282 1315
1317 1321
1278 1321
1269 1322
1325 1331
1307 1338
1300 1341
1331 1341
1345 1349
1299 1352
1352 1354
1343 1356
1355 1360
1347 1360
1359 1361
1313 1361
1350 1367
1364 1371
1332 1371
1305 1375
1372 1376
1368 1378
1379 1384
1276 1394
1314 1398
1401 1404
1390 1407
1390 1407
1389 1414
1378 1414
1404 1416
1277 1418
1402 1422
1432 1440
1436 1447
1435 1454
1335 1455
1448 1459
1467 1473
1461 1476
1465 1477
1463 1481
1424 1482
1353 1487
1484 1490
1350 1490
1459 1498
1508 1511
1415 1512
1510 1512
1509 1513
1497 1514
1473 1518
1521 1522
1453 1534
1533 1535
1426 1542
1498 1561
1552 1567
1561 1592
1700 1702
1684 1705
1251 -1
