1361 1362
1361 1363
1355 1366
1372 1375
1369 1375
1377 1378
1374 1381
1383 1388
1389 1400
1396 1402
1403 1407
1391 1412
1403 1415
1417 1418
1384 1420
1413 1422
1412 1429
1429 1430
1427 1434
1412 1435
1426 1440
1438 1440
1433 1444
1444 1447
1441 1447
1433 1447
1438 1450
1425 1450
1431 1450
1454 1459
1389 1461
1446 1463
1456 1464
1460 1465
1485 1487
1482 1496
1495 1501
1498 1503
1433 1505
1502 1507
1507 1512
1509 1516
1513 1518
1510 1518
1515 1519
1473 1520
1521 1527
1523 1527
1528 1531
1529 1534
1536 1539
1542 1544
1547 1548
1544 1548
1546 1548
1543 1548
1557 1562
1555 1562
1574 1575
1577 1582
1583 1587
1413 -1
1422 -1
1435 -1
1463 -1
1481 -1
1511 -1
1516 -1
1520 -1
1535 -1
