1307 1308
1307 1312
1316 1318
1264 1327
1324 1330
1249 1340
1309 1343
1306 1350
1326 1351
1328 1360
1362 1364
1347 1366
1362 1366
1355 1374
1368 1375
1345 1375
1363 1379
1354 1380
1367 1381
1354 1383
1377 1383
1382 1389
1387 1389
1292 1390
1376 1390
1390 1391
1378 1391
1391 1392
1289 1393
1399 1400
1321 1401
1401 1403
1406 1408
1273 1410
1386 1413
1409 1414
1412 1422
1390 1423
1424 1429
1433 1446
1454 1461
1357 1462
1469 1470
1456 1473
1465 1474
1460 1488
1355 1488
1433 1489
1358 1494
1475 1495
1495 1496
1503 1506
1495 1507
1512 1513
1500 1514
1403 1514
1508 1517
1473 1526
1453 1532
1540 1542
1424 1543
1539 1543
1532 1551
1503 1551
1537 1552
1572 1599
1247 -1
