1267 1312
1305 1314
1311 1318
1324 1325
1322 1325
1315 1327
1267 1329
1302 1333
1316 1336
1300 1340
1308 1344
1282 1345
1329 1346
1345 1360
1354 1360
1323 1363
1360 1368
1355 1371
1367 1372
1346 1372
1372 1373
1342 1376
1353 1377
1376 1378
1380 1382
1301 1382
1387 1388
1249 1388
1379 1390
1386 1397
1389 1399
1383 1400
1399 1402
1370 1404
1323 1404
1393 1407
1398 1411
1296 1416
1388 1418
1401 1421
1424 1433
1330 1456
1433 1459
1463 1469
1464 1474
1468 1474
1427 1477
1462 1482
1470 1485
1491 1492
1365 1492
1354 1495
1395 1499
1462 1503
1510 1514
1514 1515
1517 1518
1473 1520
1500 1521
1520 1525
1525 1529
1534 1536
1451 1537
1437 1544
1543 1547
1542 1549
1506 1555
1546 1562
1557 1569
1242 -1
