1344 1358
1357 1363
1364 1367
1355 1371
1372 1375
1374 1387
1384 1389
1387 1389
1392 1395
1398 1405
1391 1407
1406 1410
1408 1413
1382 1416
1371 1418
1420 1421
1419 1421
1395 1422
1427 1429
1419 1430
1419 1434
1435 1437
1424 1437
1433 1438
1438 1439
1433 1443
1435 1443
1378 1450
1449 1452
1441 1455
1414 1456
1446 1457
1437 1458
1459 1464
1462 1468
1467 1471
1473 1476
1471 1476
1476 1477
1432 1480
1480 1486
1488 1489
1490 1491
1488 1492
1487 1497
1496 1498
1470 1500
1508 1509
1505 1517
1503 1517
1516 1522
1520 1524
1522 1525
1531 1535
1533 1536
1533 1536
1540 1542
1540 1542
1543 1547
1549 1550
1544 1550
1545 1550
1552 1554
1556 1560
1555 1565
1565 1571
1564 1579
1408 -1
1419 -1
1427 -1
1456 -1
1487 -1
1505 -1
1512 -1
1512 -1
1538 -1
