1290 1308
1281 1312
1275 1316
1314 1316
1271 1319
1317 1323
1312 1330
1304 1331
1322 1339
1338 1347
1297 1354
1353 1355
1316 1355
1360 1361
1354 1361
1333 1361
1344 1362
1360 1365
1362 1367
1360 1367
1291 1369
1363 1371
1370 1373
1372 1375
1374 1380
1351 1382
1310 1384
1250 1387
1373 1387
1381 1398
1370 1399
1398 1401
1386 1401
1287 1407
1406 1418
1410 1426
1414 1429
1427 1452
1334 1457
1451 1461
1463 1472
1428 1478
1452 1479
1463 1481
1472 1482
1449 1486
1358 1489
1334 1492
1507 1508
1414 1510
1506 1510
1510 1518
1518 1520
1466 1520
1503 1521
1520 1524
1524 1527
1526 1527
1524 1529
1528 1531
1441 1531
1433 1537
1537 1538
1494 1561
1556 1562
1548 1564
1552 1580
1682 1685
1678 1694
1245 -1
