1341 1357
1365 1370
1361 1372
1382 1383
1367 1385
1385 1386
1385 1388
1394 1397
1391 1403
1412 1414
1384 1418
1363 1423
1425 1427
1403 1430
1373 1431
1415 1432
1418 1432
1425 1433
1425 1435
1435 1440
1434 1443
1435 1448
1449 1451
1440 1453
1453 1457
1417 1459
1425 1461
1428 1463
1468 1471
1471 1473
1474 1481
1480 1482
1478 1484
1483 1489
1443 1492
1493 1495
1496 1497
1481 1498
1501 1502
1466 1504
1503 1507
1509 1520
1521 1522
1517 1524
1513 1524
1507 1525
1520 1526
1524 1527
1524 1527
1522 1527
1530 1534
1537 1539
1539 1540
1541 1543
1542 1543
1540 1543
1543 1544
1547 1548
1549 1550
1540 1550
1550 1551
1547 1556
1561 1563
1567 1573
1408 -1
1417 -1
1418 -1
1454 -1
1488 -1
1508 -1
1514 -1
1515 -1
1534 -1
