1357 1360
1356 1361
1375 1376
1377 1378
1376 1378
1372 1380
1390 1391
1389 1394
1393 1397
1387 1399
1370 1400
1397 1403
1393 1406
1417 1418
1418 1421
1400 1423
1414 1429
1415 1430
1413 1434
1422 1435
1434 1435
1426 1441
1439 1443
1441 1445
1415 1445
1443 1446
1441 1447
1444 1448
1440 1452
1376 1456
1443 1458
1455 1459
1416 1471
1465 1477
1424 1484
1491 1493
1488 1496
1494 1500
1506 1511
1511 1512
1458 1512
1496 1521
1522 1524
1521 1526
1522 1527
1528 1531
1531 1533
1539 1540
1541 1543
1546 1548
1544 1548
1547 1551
1550 1551
1551 1553
1554 1564
1564 1567
1573 1588
1408 -1
1415 -1
1427 -1
1460 -1
1488 -1
1511 -1
1517 -1
1518 -1
1544 -1
