1347 1350
1359 1360
1368 1371
1382 1383
1354 1384
1394 1396
1396 1399
1393 1402
1405 1407
1394 1412
1393 1413
1407 1416
1411 1418
1417 1428
1419 1428
1380 1429
1427 1430
1432 1434
1421 1438
1437 1438
1425 1441
1435 1441
1433 1441
1440 1442
1430 1442
1437 1443
1443 1450
1375 1450
1435 1451
1457 1460
1445 1466
1465 1470
1435 1486
1489 1490
1489 1490
1491 1495
1499 1500
1498 1503
1500 1504
1507 1509
1514 1515
1506 1515
1504 1517
1476 1517
1515 1517
1517 1520
1517 1522
1521 1523
1521 1525
1525 1526
1530 1531
1520 1532
1541 1543
1546 1547
1541 1547
1545 1549
1552 1553
1551 1557
1563 1566
1557 1567
1568 1587
1590 1592
1408 -1
1411 -1
1419 -1
1477 -1
1489 -1
1505 -1
1508 -1
1514 -1
1536 -1
