1331 1340
1351 1352
1353 1354
1361 1362
1345 1371
1380 1381
1390 1392
1390 1396
1396 1398
1388 1400
1393 1401
1387 1402
1403 1405
1388 1406
1402 1411
1382 1418
1418 1419
1418 1420
1419 1420
1420 1422
1424 1429
1415 1429
1416 1432
1417 1432
1408 1433
1437 1438
1435 1441
1434 1441
1369 1442
1442 1443
1432 1443
1426 1443
1435 1444
1438 1444
1418 1457
1455 1458
1458 1460
1457 1461
1445 1463
1469 1470
1448 1486
1493 1499
1505 1506
1505 1507
1507 1510
1504 1511
1472 1512
1515 1517
1513 1520
1517 1521
1501 1522
1528 1529
1532 1533
1532 1537
1527 1538
1538 1539
1544 1546
1535 1546
1546 1548
1547 1550
1558 1559
1564 1574
1569 1587
1594 1595
1408 -1
1412 -1
1414 -1
1474 -1
1490 -1
1501 -1
1512 -1
1512 -1
1536 -1
