1339 1352
1367 1383
1374 1383
1359 1384
1383 1386
1389 1390
1390 1395
1393 1395
1392 1407
1365 1410
1388 1412
1412 1414
1414 1415
1418 1419
1418 1419
1422 1423
1421 1424
1420 1426
1427 1428
1426 1428
1416 1431
1424 1434
1405 1434
1419 1439
1429 1442
1373 1445
1430 1447
1423 1448
1439 1451
1449 1452
1430 1452
1412 1452
1449 1452
1457 1458
1463 1469
1470 1471
1466 1475
1472 1475
1474 1477
1431 1478
1480 1485
1493 1494
1497 1498
1457 1503
1500 1513
1500 1516
1514 1520
1520 1522
1524 1526
1519 1527
1526 1528
1525 1531
1531 1533
1532 1534
1539 1543
1545 1546
1542 1556
1554 1560
1555 1562
1560 1563
1571 1584
1413 -1
1421 -1
1423 -1
1449 -1
1479 -1
1510 -1
1512 -1
1513 -1
1534 -1
