1292 1305
1305 1307
1279 1307
1282 1316
1316 1317
1320 1323
1275 1334
1321 1335
1340 1346
1301 1347
1302 1350
1353 1354
1320 1359
1350 1367
1356 1369
1363 1373
1286 1374
1363 1374
1351 1375
1372 1376
1377 1379
1361 1381
1370 1383
1377 1384
1377 1385
1273 1393
1326 1393
1391 1404
1404 1411
1413 1414
1399 1414
1405 1415
1401 1417
1287 1417
1383 1421
1419 1421
1416 1432
1347 1448
1432 1457
1453 1461
1455 1466
1475 1478
1456 1479
1430 1483
1457 1486
1366 1488
1351 1495
1499 1502
1474 1512
1403 1513
1495 1517
1508 1518
1515 1518
1516 1523
1526 1529
1437 1529
1429 1534
1532 1534
1541 1551
1551 1558
1513 1563
1565 1581
1633 1636
1666 1670
1247 -1
