1342 1349
1354 1356
1365 1375
1388 1389
1388 1389
1388 1390
1388 1392
1390 1394
1350 1394
1404 1405
1383 1411
1405 1412
1385 1413
1404 1420
1418 1420
1422 1423
1400 1423
1375 1430
1379 1438
1438 1444
1431 1445
1426 1445
1425 1450
1431 1451
1428 1455
1464 1465
1422 1466
1465 1469
1477 1478
1482 1484
1477 1487
1485 1489
1438 1493
1490 1494
1492 1496
1467 1498
1488 1501
1504 1505
1500 1515
1515 1517
1507 1519
1520 1521
1516 1521
1519 1521
1525 1527
1525 1527
1525 1527
1527 1529
1523 1529
1525 1530
1520 1531
1538 1541
1541 1542
1543 1545
1546 1547
1546 1549
1550 1553
1550 1555
1552 1555
1555 1556
1546 1556
1555 1556
1563 1573
1564 1575
1409 -1
1417 -1
1424 -1
1465 -1
1491 -1
1509 -1
1516 -1
1517 -1
1537 -1
