1277 1298
1286 1303
1309 1315
1315 1317
1310 1322
1295 1322
1286 1325
1320 1325
1303 1331
1284 1334
1334 1336
1313 1343
1335 1345
1301 1348
1343 1348
1306 1353
1294 1354
1357 1358
1347 1362
1362 1364
1345 1370
1330 1372
1369 1374
1367 1379
1380 1381
1346 1382
1378 1383
1383 1385
1379 1392
1373 1393
1375 1393
1335 1394
1266 1395
1390 1400
1394 1401
1270 1403
1382 1405
1403 1405
1393 1414
1411 1416
1439 1449
1432 1455
1336 1465
1455 1472
1463 1477
1426 1478
1463 1478
1472 1484
1351 1486
1480 1486
1450 1491
1486 1495
1338 1504
1429 1507
1499 1510
1502 1511
1507 1514
1513 1518
1504 1520
1467 1521
1518 1522
1521 1524
1425 1536
1453 1537
1535 1542
1478 1544
1562 1567
1541 1581
1704 1712
1702 1716
1250 -1
