1345 1346
1360 1361
1379 1381
1381 1383
1361 1392
1392 1402
1401 1402
1401 1402
1400 1403
1387 1408
1399 1408
1413 1414
1413 1414
1411 1414
1418 1419
1402 1425
1426 1428
1423 1430
1429 1431
1434 1435
1431 1437
1424 1438
1416 1439
1440 1443
1439 1443
1380 1445
1437 1447
1428 1452
1398 1453
1440 1455
1465 1466
1445 1469
1469 1470
1466 1476
1468 1480
1434 1492
1490 1493
1457 1496
1496 1497
1492 1497
1496 1500
1495 1500
1498 1501
1472 1504
1510 1512
1510 1515
1514 1516
1503 1519
1519 1520
1521 1524
1532 1540
1539 1541
1541 1545
1544 1546
1547 1549
1547 1549
1550 1551
1551 1552
1550 1552
1544 1555
1560 1577
1578 1581
1583 1584
1565 1587
1587 1604
1415 -1
1415 -1
1427 -1
1477 -1
1489 -1
1501 -1
1519 -1
1521 -1
1540 -1
