1272 1303
1303 1306
1284 1307
1303 1310
1308 1318
1303 1321
1290 1324
1318 1331
1292 1336
1316 1337
1340 1345
1344 1350
1346 1351
1303 1353
1353 1354
1306 1354
1293 1362
1354 1368
1326 1369
1372 1373
1367 1376
1371 1379
1374 1380
1340 1381
1371 1382
1381 1383
1373 1385
1324 1390
1377 1396
1399 1400
1382 1401
1263 1402
1389 1405
1268 1406
1393 1408
1385 1409
1395 1415
1408 1416
1417 1421
1439 1449
1328 1452
1434 1463
1457 1469
1464 1474
1468 1481
1472 1482
1423 1483
1353 1491
1457 1492
1489 1492
1490 1493
1338 1495
1492 1507
1433 1510
1507 1512
1467 1517
1521 1523
1528 1533
1444 1535
1424 1537
1530 1537
1524 1539
1483 1540
1558 1567
1539 1577
1698 1702
1695 1725
1243 -1
