1344 1345
1349 1351
1363 1364
1357 1388
1396 1398
1392 1398
1394 1400
1397 1404
1405 1407
1405 1409
1396 1414
1407 1418
1411 1421
1402 1426
1428 1429
1415 1435
1424 1439
1432 1440
1424 1440
1426 1442
1436 1442
1381 1445
1449 1451
1437 1451
1388 1453
1448 1454
1448 1456
1438 1461
1458 1462
1453 1464
1423 1466
1476 1477
1442 1484
1486 1487
1480 1488
1487 1491
1500 1501
1499 1503
1471 1508
1512 1513
1511 1515
1514 1515
1514 1516
1516 1517
1516 1518
1517 1518
1517 1518
1511 1520
1518 1529
1532 1535
1537 1539
1538 1541
1545 1550
1549 1552
1553 1554
1551 1554
1546 1556
1559 1562
1559 1567
1565 1590
1592 1601
1409 -1
1417 -1
1421 -1
1481 -1
1488 -1
1504 -1
1517 -1
1517 -1
1538 -1
