1346 1353
1368 1380
1382 1384
1396 1399
1354 1399
1397 1400
1378 1412
1402 1414
1394 1416
1386 1416
1407 1424
1419 1425
1425 1427
1373 1430
1433 1435
1420 1438
1430 1445
1377 1447
1430 1450
1444 1452
1435 1452
1436 1457
1422 1467
1469 1474
1470 1474
1481 1485
1490 1492
1492 1494
1490 1494
1445 1495
1493 1496
1495 1496
1471 1498
1491 1498
1498 1504
1511 1513
1516 1518
1517 1519
1513 1519
1518 1519
1519 1520
1510 1521
1511 1521
1523 1526
1520 1527
1525 1528
1518 1529
1537 1538
1540 1543
1541 1543
1545 1546
1552 1554
1550 1555
1544 1556
1559 1565
1569 1578
1405 -1
1418 -1
1422 -1
1456 -1
1482 -1
1510 -1
1517 -1
1525 -1
1537 -1
