1276 1298
1297 1305
1282 1312
1314 1317
1282 1320
1303 1320
1304 1321
1312 1322
1290 1326
1310 1337
1307 1343
1307 1345
1342 1350
1347 1351
1350 1354
1354 1355
1286 1357
1349 1362
1347 1363
1357 1369
1328 1370
1362 1370
1375 1376
1357 1378
1374 1380
1343 1382
1377 1383
1326 1384
1371 1385
1373 1387
1391 1392
1270 1394
1376 1395
1398 1399
1387 1401
1400 1401
1375 1404
1272 1407
1410 1418
1401 1419
1443 1451
1428 1452
1331 1458
1461 1467
1464 1474
1417 1476
1463 1478
1471 1484
1358 1484
1486 1491
1450 1494
1340 1500
1501 1510
1511 1512
1433 1514
1504 1514
1513 1516
1470 1519
1515 1520
1517 1521
1525 1528
1522 1529
1432 1533
1517 1535
1440 1535
1545 1550
1493 1550
1559 1566
1542 1574
1701 1703
1692 1724
1235 -1
