1276 1304
1298 1309
1284 1313
1314 1316
1316 1318
1317 1319
1284 1320
1293 1323
1315 1328
1315 1329
1319 1336
1345 1346
1311 1347
1342 1347
1348 1350
1343 1352
1314 1352
1347 1354
1290 1362
1370 1371
1359 1374
1353 1374
1339 1376
1366 1376
1372 1378
1375 1385
1385 1388
1362 1388
1270 1389
1371 1389
1380 1391
1386 1393
1327 1394
1391 1395
1390 1396
1385 1396
1377 1397
1379 1401
1399 1404
1276 1406
1402 1426
1447 1452
1434 1457
1346 1461
1447 1462
1421 1470
1472 1481
1467 1481
1452 1484
1473 1486
1486 1490
1363 1491
1489 1497
1354 1499
1505 1510
1510 1511
1509 1512
1425 1515
1506 1516
1472 1516
1514 1517
1520 1523
1519 1523
1517 1528
1531 1533
1443 1537
1431 1538
1489 1551
1558 1565
1547 1586
1694 1698
1690 1702
1243 -1
