1386 1388
1387 1392
1394 1395
1373 1400
1401 1402
1398 1404
1387 1406
1395 1411
1423 1426
1411 1434
1434 1435
1420 1442
1443 1445
1380 1447
1445 1448
1443 1450
1441 1450
1437 1451
1449 1451
1452 1454
1443 1457
1456 1457
1456 1460
1436 1463
1444 1464
1472 1473
1471 1480
1400 1486
1484 1489
1456 1491
1490 1491
1489 1494
1492 1494
1491 1495
1487 1495
1435 1502
1501 1503
1502 1503
1501 1504
1472 1505
1496 1506
1458 1513
1515 1518
1516 1519
1509 1519
1520 1521
1522 1523
1521 1524
1530 1532
1528 1532
1536 1538
1533 1539
1535 1540
1539 1540
1545 1549
1550 1557
1558 1561
1558 1562
1547 1562
1559 1568
1558 1581
1583 1592
1417 -1
1418 -1
1429 -1
1475 -1
1490 -1
1509 -1
1515 -1
1521 -1
1542 -1
