1347 1348
1370 1371
1365 1374
1386 1391
1390 1394
1398 1401
1366 1401
1401 1417
1416 1418
1389 1424
1421 1429
1406 1430
1432 1433
1374 1436
1373 1441
1425 1441
1386 1441
1432 1443
1417 1445
1440 1446
1438 1451
1429 1451
1443 1452
1432 1464
1463 1468
1425 1471
1464 1471
1477 1479
1475 1481
1488 1492
1490 1494
1489 1494
1439 1498
1471 1499
1497 1502
1488 1508
1502 1513
1512 1514
1514 1515
1505 1515
1511 1517
1523 1526
1529 1530
1524 1532
1531 1532
1522 1532
1532 1533
1532 1534
1538 1540
1545 1546
1543 1546
1537 1557
1554 1557
1560 1562
1558 1568
1569 1575
1418 -1
1424 -1
1426 -1
1453 -1
1484 -1
1513 -1
1516 -1
1517 -1
1538 -1
