1297 1306
1276 1309
1276 1316
1308 1317
1302 1318
1264 1326
1318 1327
1314 1330
1329 1331
1331 1336
1332 1341
1341 1342
1283 1342
1320 1343
1348 1353
1338 1355
1350 1357
1345 1358
1326 1358
1348 1360
1355 1360
1356 1364
1356 1366
1366 1369
1297 1371
1335 1371
1356 1377
1377 1378
1255 1384
1374 1387
1372 1393
1310 1398
1369 1405
1404 1405
1289 1407
1388 1407
1400 1408
1397 1410
1414 1424
1417 1428
1343 1447
1424 1449
1449 1450
1450 1461
1461 1463
1448 1472
1469 1476
1474 1481
1422 1481
1468 1485
1364 1491
1453 1492
1356 1497
1501 1504
1414 1506
1507 1514
1492 1514
1467 1516
1518 1521
1531 1535
1442 1536
1427 1538
1498 1556
1555 1562
1552 1569
1551 1572
1656 1665
1251 -1
