1256 1273
1268 1294
1292 1295
1298 1299
1316 1317
1307 1323
1297 1326
1326 1331
1333 1335
1321 1336
1292 1336
1302 1347
1344 1349
1301 1349
1340 1352
1277 1353
1351 1357
1360 1367
1347 1370
1369 1371
1345 1371
1360 1375
1358 1382
1380 1382
1385 1387
1370 1389
1375 1389
1326 1390
1264 1392
1385 1394
1397 1402
1387 1402
1386 1407
1275 1408
1408 1409
1393 1411
1438 1446
1428 1455
1325 1456
1458 1472
1457 1473
1461 1476
1420 1486
1484 1488
1353 1488
1453 1490
1478 1491
1488 1494
1336 1499
1420 1508
1492 1511
1514 1515
1512 1516
1505 1518
1517 1519
1472 1523
1429 1533
1528 1536
1445 1537
1535 1540
1479 1548
1547 1560
1554 1562
1553 1581
1696 1712
1251 -1
