1337 1351
1353 1357
1363 1364
1351 1379
1373 1388
1386 1389
1383 1391
1393 1395
1401 1403
1404 1409
1409 1410
1412 1413
1395 1413
1414 1416
1412 1416
1381 1416
1416 1418
1419 1420
1419 1420
1421 1422
1391 1422
1367 1426
1414 1428
1431 1432
1407 1433
1422 1434
1381 1436
1424 1442
1406 1443
1432 1445
1440 1446
1416 1446
1447 1451
1431 1452
1466 1471
1466 1476
1475 1476
1474 1478
1479 1482
1479 1483
1482 1486
1435 1488
1458 1489
1490 1491
1490 1493
1484 1493
1492 1495
1495 1501
1506 1518
1518 1521
1518 1524
1510 1524
1526 1527
1524 1527
1525 1527
1526 1527
1516 1529
1521 1530
1529 1532
1537 1539
1539 1541
1541 1542
1541 1543
1544 1550
1545 1553
1554 1555
1548 1557
1557 1559
1557 1564
1567 1573
1409 -1
1415 -1
1417 -1
1459 -1
1481 -1
1501 -1
1510 -1
1521 -1
1536 -1
