1288 1289
1286 1292
1283 1292
1277 1305
1305 1313
1312 1320
1308 1323
1295 1325
1295 1327
1298 1327
1320 1331
1330 1332
1336 1338
1305 1345
1300 1349
1282 1352
1322 1354
1353 1356
1353 1357
1347 1359
1353 1366
1337 1370
1365 1370
1364 1371
1371 1373
1361 1378
1358 1378
1342 1386
1327 1388
1375 1391
1380 1394
1394 1395
1392 1397
1382 1397
1386 1398
1397 1398
1275 1400
1380 1408
1279 1410
1394 1410
1411 1413
1419 1420
1424 1427
1437 1447
1420 1450
1336 1454
1459 1477
1469 1480
1471 1482
1428 1484
1482 1485
1352 1488
1456 1491
1489 1495
1338 1499
1497 1505
1435 1510
1501 1510
1469 1519
1525 1530
1427 1533
1450 1534
1524 1541
1539 1548
1481 1548
1559 1565
1533 1570
1701 1718
1251 -1
