1301 1314
1313 1314
1311 1318
1280 1318
1332 1333
1299 1335
1332 1336
1331 1336
1244 1344
1304 1346
1345 1346
1294 1347
1316 1350
1348 1355
1347 1356
1297 1357
1362 1366
1330 1367
1351 1370
1357 1371
1348 1373
1371 1373
1365 1375
1349 1377
1352 1379
1364 1379
1376 1383
1383 1384
1362 1386
1304 1386
1385 1387
1310 1389
1259 1390
1382 1390
1380 1391
1388 1395
1401 1405
1397 1408
1278 1410
1411 1413
1408 1414
1396 1415
1422 1427
1386 1436
1345 1448
1436 1459
1464 1472
1474 1476
1461 1476
1435 1477
1451 1478
1467 1482
1366 1485
1485 1486
1485 1486
1463 1495
1343 1495
1500 1503
1501 1504
1390 1506
1509 1511
1505 1515
1488 1517
1521 1522
1474 1522
1448 1527
1432 1532
1534 1535
1528 1538
1542 1553
1544 1554
1541 1557
1522 1567
1541 1568
1563 1575
1565 1588
1621 1626
1232 -1
