1295 1309
1271 1314
1313 1316
1289 1316
1297 1318
1286 1321
1309 1328
1324 1329
1308 1331
1319 1333
1288 1338
1340 1346
1344 1346
1337 1352
1349 1352
1347 1353
1341 1355
1311 1356
1288 1363
1357 1366
1364 1366
1364 1369
1343 1370
1357 1371
1369 1372
1368 1372
1372 1374
1253 1379
1357 1382
1325 1383
1377 1387
1394 1396
1377 1396
1395 1398
1379 1398
1378 1402
1388 1406
1284 1409
1408 1409
1402 1410
1410 1430
1330 1445
1450 1451
1430 1453
1448 1457
1456 1470
1456 1471
1452 1471
1427 1476
1473 1484
1354 1488
1451 1489
1338 1491
1418 1511
1505 1514
1492 1515
1516 1521
1470 1522
1434 1524
1526 1532
1428 1534
1530 1536
1544 1552
1484 1555
1551 1564
1542 1575
1676 1688
1689 1698
1245 -1
