1280 1287
1291 1292
1284 1305
1272 1306
1315 1317
1311 1323
1318 1326
1286 1329
1326 1331
1318 1335
1280 1336
1328 1341
1346 1348
1350 1352
1347 1352
1347 1353
1348 1354
1299 1355
1306 1355
1326 1357
1287 1360
1357 1364
1318 1364
1365 1367
1363 1368
1367 1368
1364 1371
1365 1376
1346 1379
1378 1381
1325 1383
1373 1384
1359 1384
1380 1389
1382 1390
1269 1394
1380 1397
1397 1400
1374 1403
1407 1409
1285 1411
1395 1412
1418 1449
1440 1449
1451 1453
1325 1461
1460 1480
1345 1482
1473 1484
1474 1485
1419 1486
1487 1492
1448 1493
1488 1495
1495 1496
1336 1503
1504 1508
1506 1509
1507 1510
1431 1511
1497 1511
1507 1515
1514 1516
1467 1521
1422 1528
1448 1534
1530 1538
1523 1542
1476 1546
1544 1551
1558 1559
1530 1573
1696 1714
1246 -1
