1282 1294
1263 1302
1300 1305
1276 1305
1303 1306
1270 1314
1321 1323
1296 1323
1288 1334
1323 1337
1332 1338
1305 1346
1348 1349
1351 1353
1293 1355
1350 1355
1352 1360
1290 1362
1346 1363
1357 1368
1329 1368
1365 1372
1372 1376
1349 1380
1378 1384
1388 1389
1379 1391
1391 1392
1314 1394
1391 1404
1273 1406
1401 1414
1407 1416
1394 1416
1274 1419
1418 1422
1414 1423
1385 1426
1406 1430
1427 1434
1331 1443
1437 1448
1429 1453
1464 1467
1454 1477
1462 1477
1463 1480
1470 1481
1420 1483
1457 1487
1354 1488
1335 1494
1503 1508
1509 1510
1493 1511
1465 1513
1514 1516
1435 1518
1527 1528
1449 1530
1534 1535
1420 1540
1502 1565
1554 1568
1555 1570
1560 1590
1686 1713
1250 -1
