1340 1358
1356 1359
1362 1376
1367 1405
1404 1407
1399 1408
1420 1425
1423 1425
1425 1427
1424 1429
1431 1432
1421 1432
1423 1434
1419 1434
1365 1437
1410 1439
1440 1441
1380 1441
1428 1447
1422 1452
1440 1456
1377 1461
1407 1461
1437 1465
1454 1465
1439 1469
1474 1478
1471 1479
1470 1481
1481 1483
1467 1484
1484 1487
1488 1489
1491 1493
1492 1497
1476 1499
1447 1500
1499 1501
1499 1504
1468 1504
1502 1510
1513 1515
1503 1517
1516 1517
1512 1518
1520 1522
1521 1522
1524 1525
1525 1526
1520 1527
1527 1530
1522 1537
1535 1537
1538 1539
1539 1540
1546 1547
1547 1548
1544 1548
1551 1552
1545 1556
1552 1558
1559 1561
1549 1561
1420 -1
1421 -1
1428 -1
1452 -1
1483 -1
1507 -1
1512 -1
1522 -1
1536 -1
