1341 1346
1358 1359
1360 1362
1364 1377
1381 1383
1352 1384
1387 1388
1389 1393
1387 1402
1399 1404
1382 1405
1406 1407
1406 1412
1377 1416
1414 1418
1416 1420
1421 1422
1414 1428
1406 1430
1423 1430
1372 1431
1368 1433
1432 1433
1437 1438
1437 1439
1413 1439
1427 1440
1434 1447
1409 1451
1441 1463
1467 1473
1473 1474
1469 1474
1472 1475
1478 1484
1433 1484
1481 1486
1459 1490
1487 1491
1494 1495
1494 1496
1492 1496
1497 1505
1507 1519
1516 1524
1512 1524
1515 1527
1530 1531
1529 1531
1523 1534
1535 1536
1534 1536
1536 1537
1538 1540
1539 1541
1545 1546
1545 1546
1551 1552
1549 1554
1552 1554
1544 1554
1556 1561
1556 1561
1568 1573
1398 -1
1416 -1
1421 -1
1453 -1
1484 -1
1505 -1
1510 -1
1518 -1
1535 -1
