1285 1294
1268 1310
1308 1311
1272 1311
1274 1314
1318 1322
1321 1324
1312 1324
1309 1328
1294 1330
1330 1331
1307 1341
1325 1344
1341 1347
1295 1352
1320 1357
1353 1357
1339 1358
1356 1360
1334 1361
1349 1365
1357 1365
1293 1368
1365 1368
1369 1372
1370 1374
1352 1378
1311 1387
1382 1392
1274 1402
1394 1406
1399 1411
1393 1412
1370 1415
1411 1422
1269 1424
1401 1429
1422 1438
1424 1448
1442 1452
1330 1461
1459 1470
1468 1473
1466 1474
1463 1478
1427 1483
1358 1488
1474 1489
1459 1494
1501 1504
1335 1505
1504 1507
1458 1507
1491 1510
1425 1516
1503 1516
1524 1527
1525 1528
1450 1533
1533 1534
1422 1535
1544 1545
1541 1558
1499 1565
1566 1594
1715 1718
1712 1720
1254 -1
