1359 1362
1376 1377
1384 1392
1368 1399
1401 1405
1415 1417
1417 1421
1420 1422
1419 1423
1419 1426
1413 1427
1391 1427
1427 1431
1431 1434
1430 1435
1435 1436
1414 1441
1440 1443
1415 1443
1443 1444
1434 1444
1387 1446
1445 1448
1424 1449
1435 1450
1388 1453
1439 1453
1454 1459
1443 1463
1465 1467
1445 1471
1434 1481
1483 1486
1481 1489
1491 1497
1440 1498
1492 1499
1461 1499
1497 1499
1498 1501
1502 1504
1507 1508
1513 1517
1516 1518
1512 1518
1516 1518
1519 1520
1510 1520
1520 1523
1519 1527
1527 1528
1527 1530
1531 1534
1544 1547
1544 1548
1541 1554
1553 1554
1553 1554
1549 1554
1560 1568
1561 1582
1577 1586
1413 -1
1422 -1
1425 -1
1476 -1
1490 -1
1506 -1
1514 -1
1519 -1
1532 -1
