1326 1327
1359 1363
1356 1375
1374 1378
1384 1388
1383 1390
1390 1391
1394 1395
1394 1395
1388 1396
1391 1397
1391 1397
1393 1402
1395 1402
1403 1408
1406 1408
1409 1420
1418 1421
1381 1424
1413 1427
1430 1431
1431 1432
1422 1435
1430 1435
1427 1436
1431 1439
1431 1439
1441 1442
1439 1444
1424 1450
1443 1451
1437 1451
1424 1456
1459 1460
1444 1460
1458 1460
1383 1461
1459 1463
1439 1465
1466 1467
1474 1476
1478 1479
1443 1481
1489 1491
1485 1493
1492 1494
1501 1505
1505 1507
1504 1512
1512 1513
1505 1513
1512 1514
1512 1515
1476 1520
1525 1527
1526 1527
1526 1528
1524 1528
1529 1530
1528 1531
1528 1534
1535 1539
1540 1541
1548 1549
1546 1552
1559 1560
1560 1564
1560 1564
1582 1584
1569 1591
1407 -1
1421 -1
1423 -1
1469 -1
1483 -1
1506 -1
1510 -1
1518 -1
1531 -1
