1339 1343
1351 1352
1356 1359
1360 1361
1356 1379
1385 1387
1388 1401
1394 1404
1405 1407
1399 1407
1396 1409
1396 1415
1389 1428
1419 1429
1426 1431
1429 1431
1422 1433
1430 1434
1411 1435
1433 1438
1371 1438
1434 1439
1429 1442
1436 1443
1424 1446
1431 1447
1438 1449
1440 1449
1428 1453
1453 1455
1461 1464
1460 1466
1454 1467
1484 1488
1486 1489
1459 1496
1498 1500
1499 1501
1492 1506
1508 1509
1509 1511
1508 1512
1510 1513
1470 1518
1505 1518
1520 1521
1520 1522
1523 1527
1522 1539
1539 1545
1536 1549
1554 1555
1554 1555
1550 1555
1563 1565
1562 1567
1563 1576
1566 1586
1589 1590
1414 -1
1415 -1
1422 -1
1469 -1
1492 -1
1508 -1
1517 -1
1519 -1
1538 -1
