1385 1386
1368 1397
1385 1398
1394 1402
1396 1405
1407 1410
1384 1410
1413 1414
1419 1420
1412 1425
1428 1430
1424 1434
1406 1435
1434 1436
1378 1436
1427 1437
1434 1438
1437 1438
1434 1441
1430 1447
1429 1449
1422 1449
1444 1450
1454 1458
1468 1471
1400 1473
1451 1477
1474 1479
1428 1482
1475 1485
1490 1493
1485 1495
1497 1498
1496 1498
1495 1498
1466 1502
1498 1503
1454 1511
1511 1513
1511 1514
1517 1518
1514 1518
1511 1518
1517 1518
1511 1521
1527 1529
1528 1530
1528 1531
1531 1532
1539 1541
1538 1542
1544 1545
1544 1545
1543 1545
1544 1549
1549 1551
1555 1556
1555 1556
1539 1558
1564 1573
1578 1582
1565 1584
1583 1593
1409 -1
1409 -1
1420 -1
1476 -1
1489 -1
1509 -1
1511 -1
1519 -1
1540 -1
