1287 1303
1293 1320
1320 1321
1318 1321
1285 1321
1277 1321
1310 1323
1320 1333
1312 1336
1314 1339
1339 1344
1289 1345
1346 1349
1357 1360
1348 1361
1321 1365
1366 1369
1362 1370
1360 1371
1362 1371
1316 1374
1370 1374
1355 1375
1345 1380
1363 1381
1262 1386
1385 1386
1374 1387
1385 1392
1334 1399
1385 1400
1387 1408
1396 1410
1397 1412
1386 1413
1409 1417
1279 1420
1405 1421
1421 1432
1417 1433
1436 1439
1330 1455
1451 1460
1437 1468
1455 1468
1471 1475
1474 1482
1465 1483
1437 1487
1455 1492
1357 1494
1487 1496
1496 1498
1343 1504
1412 1510
1508 1512
1507 1518
1521 1523
1480 1523
1500 1525
1530 1535
1445 1536
1430 1544
1509 1554
1552 1568
1565 1578
1651 1665
1241 -1
