1282 1283
1280 1288
1278 1290
1294 1297
1274 1301
1306 1310
1314 1317
1303 1319
1290 1320
1313 1323
1281 1335
1318 1335
1333 1337
1319 1337
1342 1344
1308 1348
1346 1349
1291 1352
1344 1353
1350 1358
1312 1358
1333 1362
1313 1362
1363 1364
1346 1367
1362 1369
1367 1374
1352 1375
1339 1375
1377 1378
1372 1379
1335 1380
1386 1387
1380 1388
1369 1388
1390 1391
1375 1392
1378 1398
1271 1405
1283 1407
1389 1411
1412 1417
1408 1447
1445 1448
1441 1450
1329 1462
1463 1474
1461 1478
1338 1481
1409 1482
1485 1490
1485 1490
1340 1495
1486 1496
1488 1497
1453 1500
1504 1508
1420 1511
1511 1512
1509 1512
1513 1516
1500 1516
1478 1529
1446 1534
1530 1536
1437 1536
1535 1537
1525 1540
1477 1549
1553 1556
1560 1564
1532 1574
1697 1727
1259 -1
