1339 1347
1371 1375
1367 1383
1383 1384
1372 1384
1380 1389
1389 1391
1394 1395
1394 1396
1378 1400
1392 1404
1405 1406
1403 1408
1402 1409
1412 1413
1364 1416
1402 1423
1423 1424
1410 1426
1421 1432
1416 1433
1436 1437
1426 1438
1438 1439
1428 1440
1436 1440
1434 1441
1381 1443
1433 1448
1427 1450
1425 1454
1445 1458
1460 1461
1422 1461
1462 1463
1460 1465
1469 1471
1470 1472
1426 1476
1480 1497
1455 1507
1506 1509
1517 1518
1508 1523
1509 1523
1515 1525
1517 1526
1526 1527
1525 1528
1525 1528
1529 1531
1530 1531
1530 1532
1529 1533
1530 1535
1545 1546
1547 1549
1546 1552
1549 1554
1542 1558
1558 1565
1579 1580
1569 1581
1409 -1
1412 -1
1420 -1
1451 -1
1482 -1
1500 -1
1506 -1
1515 -1
1533 -1
