1328 1347
1363 1365
1380 1381
1381 1382
1375 1387
1384 1387
1394 1396
1355 1404
1399 1407
1405 1409
1409 1411
1404 1420
1392 1421
1412 1422
1380 1423
1424 1426
1425 1426
1423 1426
1425 1428
1397 1432
1439 1440
1429 1445
1436 1446
1416 1447
1379 1448
1426 1449
1424 1453
1370 1455
1433 1464
1477 1479
1469 1480
1470 1482
1477 1484
1483 1485
1484 1486
1490 1492
1456 1494
1489 1495
1480 1496
1497 1499
1481 1500
1438 1504
1505 1516
1513 1517
1517 1519
1517 1519
1519 1524
1509 1524
1515 1527
1530 1532
1521 1533
1540 1542
1540 1543
1540 1544
1541 1547
1553 1554
1554 1556
1549 1557
1555 1559
1560 1563
1555 1567
1412 -1
1412 -1
1425 -1
1448 -1
1490 -1
1510 -1
1512 -1
1519 -1
1538 -1
