1286 1288
1280 1292
1275 1302
1313 1317
1307 1318
1315 1319
1298 1322
1316 1327
1297 1328
1305 1332
1323 1350
1309 1352
1344 1354
1314 1354
1354 1355
1359 1360
1359 1361
1354 1365
1293 1368
1355 1368
1358 1368
1332 1369
1358 1374
1360 1376
1371 1377
1341 1381
1270 1385
1372 1389
1385 1392
1391 1392
1338 1392
1384 1399
1388 1400
1375 1403
1386 1407
1267 1415
1440 1451
1331 1454
1457 1458
1430 1459
1456 1469
1466 1477
1420 1479
1468 1482
1474 1484
1346 1486
1451 1486
1486 1489
1332 1499
1501 1502
1498 1508
1427 1509
1509 1510
1499 1511
1512 1513
1508 1515
1508 1516
1466 1522
1425 1530
1453 1531
1527 1533
1534 1543
1527 1550
1489 1552
1547 1560
1541 1576
1719 1721
1706 1724
1245 -1
