1332 1351
1356 1361
1359 1361
1363 1365
1369 1371
1392 1400
1405 1406
1367 1412
1413 1416
1412 1420
1359 1426
1411 1427
1421 1428
1425 1428
1435 1440
1404 1440
1387 1443
1441 1444
1413 1445
1447 1449
1429 1455
1445 1456
1399 1457
1379 1458
1453 1461
1449 1461
1433 1464
1441 1472
1431 1473
1468 1475
1466 1478
1477 1480
1479 1481
1481 1484
1479 1485
1492 1494
1494 1497
1479 1497
1493 1498
1465 1501
1479 1505
1445 1513
1503 1513
1514 1516
1513 1517
1516 1517
1505 1517
1513 1518
1519 1521
1522 1524
1524 1525
1531 1533
1533 1534
1512 1535
1535 1538
1534 1540
1538 1540
1541 1543
1547 1549
1548 1551
1547 1553
1549 1554
1554 1555
1548 1559
1572 1573
1420 -1
1422 -1
1429 -1
1440 -1
1478 -1
1510 -1
1511 -1
1514 -1
1533 -1
