1342 1352
1368 1370
1368 1371
1370 1372
1370 1378
1377 1378
1373 1386
1387 1388
1393 1394
1397 1400
1404 1406
1368 1413
1394 1415
1387 1415
1416 1418
1412 1418
1405 1421
1417 1421
1407 1421
1424 1425
1420 1428
1422 1428
1417 1430
1421 1434
1434 1439
1380 1440
1432 1442
1419 1443
1432 1444
1443 1444
1447 1449
1436 1453
1416 1456
1457 1459
1456 1459
1454 1459
1421 1479
1493 1496
1495 1497
1507 1513
1463 1517
1512 1520
1510 1521
1525 1528
1529 1530
1527 1531
1531 1532
1531 1532
1531 1533
1533 1534
1533 1535
1536 1537
1538 1540
1538 1541
1544 1545
1548 1549
1549 1550
1543 1559
1562 1567
1563 1569
1570 1585
1411 -1
1414 -1
1416 -1
1461 -1
1483 -1
1507 -1
1513 -1
1516 -1
1534 -1
