1292 1293
1289 1293
1285 1295
1281 1308
1315 1318
1313 1322
1318 1325
1290 1327
1284 1332
1332 1336
1335 1342
1343 1344
1309 1345
1288 1346
1338 1347
1344 1350
1321 1352
1318 1355
1303 1356
1307 1357
1352 1358
1330 1360
1355 1365
1370 1371
1369 1371
1365 1377
1375 1378
1363 1379
1340 1379
1371 1381
1375 1387
1330 1387
1275 1394
1378 1394
1391 1394
1373 1395
1401 1405
1376 1407
1277 1410
1385 1415
1415 1417
1433 1439
1412 1444
1323 1457
1467 1477
1422 1479
1336 1484
1472 1485
1465 1485
1452 1487
1488 1493
1494 1496
1344 1504
1505 1506
1435 1511
1501 1511
1503 1515
1466 1515
1515 1516
1513 1521
1410 1527
1454 1536
1532 1538
1537 1540
1521 1540
1468 1540
1548 1553
1560 1564
1526 1572
1705 1713
1242 -1
