1273 1296
1268 1298
1313 1318
1288 1323
1319 1323
1315 1326
1287 1328
1313 1331
1334 1339
1314 1343
1335 1344
1341 1349
1303 1349
1345 1350
1279 1351
1343 1359
1307 1359
1351 1360
1366 1368
1338 1370
1353 1371
1373 1374
1364 1374
1368 1374
1374 1379
1377 1379
1377 1379
1364 1383
1352 1386
1336 1390
1374 1391
1390 1395
1391 1395
1376 1396
1266 1397
1372 1405
1406 1407
1385 1408
1267 1410
1437 1444
1421 1445
1327 1459
1462 1466
1465 1467
1460 1469
1420 1478
1465 1478
1469 1479
1354 1485
1488 1492
1491 1496
1455 1498
1338 1500
1500 1509
1507 1510
1428 1512
1502 1514
1465 1514
1507 1516
1527 1530
1444 1534
1424 1536
1528 1537
1528 1545
1488 1554
1554 1561
1547 1592
1692 1716
1255 -1
