1286 1303
1307 1314
1263 1315
1265 1319
1313 1321
1320 1323
1294 1323
1322 1332
1291 1343
1295 1345
1298 1347
1312 1350
1337 1355
1354 1355
1358 1360
1346 1360
1360 1361
1355 1361
1330 1364
1349 1366
1364 1367
1359 1372
1364 1372
1371 1373
1373 1374
1293 1376
1374 1376
1347 1379
1373 1380
1377 1381
1276 1381
1307 1390
1401 1403
1401 1407
1395 1408
1406 1409
1398 1410
1283 1410
1367 1413
1407 1417
1415 1434
1434 1448
1336 1451
1453 1460
1459 1462
1467 1471
1431 1482
1484 1485
1472 1485
1357 1486
1465 1489
1347 1500
1456 1501
1498 1503
1504 1509
1493 1513
1406 1515
1514 1517
1468 1517
1518 1522
1524 1529
1445 1535
1426 1538
1540 1553
1508 1560
1559 1566
1579 1602
1649 1660
1662 1678
1242 -1
