1313 1318
1308 1318
1280 1320
1286 1320
1284 1321
1312 1323
1326 1330
1317 1336
1316 1337
1311 1338
1295 1351
1352 1354
1354 1357
1351 1358
1352 1358
1352 1359
1319 1362
1354 1363
1360 1363
1365 1366
1357 1369
1331 1369
1368 1370
1364 1371
1367 1371
1351 1372
1350 1373
1295 1374
1262 1383
1324 1388
1398 1399
1370 1399
1377 1401
1283 1402
1390 1402
1390 1403
1409 1412
1388 1413
1396 1415
1408 1430
1328 1450
1441 1453
1432 1455
1454 1461
1451 1475
1464 1476
1426 1478
1464 1479
1471 1480
1485 1487
1364 1488
1450 1488
1346 1498
1497 1505
1416 1507
1503 1508
1498 1515
1517 1518
1513 1520
1469 1520
1525 1529
1436 1532
1423 1540
1550 1556
1493 1559
1551 1567
1543 1575
1679 1692
1251 -1
