1285 1291
1298 1300
1279 1301
1281 1309
1313 1318
1315 1324
1291 1327
1316 1333
1297 1337
1317 1341
1340 1342
1294 1349
1349 1352
1347 1353
1346 1354
1331 1355
1315 1358
1332 1360
1291 1361
1347 1362
1363 1364
1360 1369
1364 1370
1362 1373
1339 1377
1369 1377
1358 1378
1337 1379
1376 1384
1380 1388
1276 1392
1384 1394
1371 1395
1385 1396
1391 1397
1390 1397
1289 1404
1394 1409
1407 1409
1414 1415
1414 1416
1439 1447
1420 1452
1323 1458
1464 1478
1463 1478
1424 1480
1350 1488
1486 1489
1482 1490
1480 1491
1446 1492
1505 1506
1327 1507
1430 1508
1502 1508
1504 1516
1515 1517
1477 1524
1427 1533
1527 1535
1525 1536
1444 1537
1477 1544
1537 1546
1544 1548
1556 1557
1538 1573
1697 1715
1252 -1
