1263 1301
1301 1302
1290 1306
1286 1318
1310 1322
1322 1323
1309 1323
1284 1323
1324 1326
1292 1330
1313 1332
1313 1333
1347 1351
1349 1353
1351 1356
1349 1358
1348 1359
1323 1360
1361 1364
1365 1366
1287 1367
1337 1367
1362 1369
1353 1370
1369 1370
1367 1370
1358 1370
1364 1372
1370 1373
1358 1380
1258 1381
1323 1382
1386 1387
1367 1390
1381 1393
1391 1395
1377 1401
1280 1401
1397 1401
1387 1402
1387 1405
1410 1413
1411 1415
1406 1427
1337 1452
1436 1455
1447 1460
1459 1464
1462 1472
1471 1475
1423 1477
1466 1477
1454 1478
1360 1485
1485 1487
1454 1488
1489 1491
1350 1499
1426 1508
1505 1508
1499 1512
1508 1521
1517 1521
1458 1522
1519 1525
1436 1530
1528 1532
1429 1533
1523 1534
1488 1550
1545 1558
1538 1575
1695 1696
1683 1702
1249 -1
