1287 1298
1290 1306
1306 1307
1303 1309
1268 1319
1271 1322
1325 1327
1314 1333
1332 1336
1304 1351
1288 1353
1349 1354
1352 1355
1304 1359
1352 1360
1348 1360
1359 1363
1359 1366
1358 1368
1367 1368
1342 1369
1346 1370
1366 1371
1356 1376
1371 1377
1282 1378
1377 1378
1375 1387
1317 1392
1283 1396
1392 1400
1398 1408
1402 1409
1410 1411
1373 1412
1276 1412
1409 1414
1402 1416
1426 1439
1430 1445
1341 1446
1448 1458
1462 1468
1464 1475
1429 1479
1466 1479
1360 1487
1461 1488
1459 1492
1491 1492
1343 1493
1499 1500
1499 1505
1507 1509
1501 1512
1511 1512
1400 1514
1496 1515
1514 1515
1473 1521
1453 1527
1427 1536
1535 1543
1547 1557
1502 1561
1573 1594
1660 1665
1682 1687
1244 -1
