1293 1307
1290 1314
1303 1316
1311 1321
1271 1325
1273 1328
1325 1328
1322 1333
1336 1344
1303 1347
1298 1353
1350 1354
1316 1359
1359 1362
1345 1365
1360 1367
1356 1368
1354 1374
1356 1375
1286 1376
1354 1376
1370 1378
1375 1379
1372 1380
1374 1383
1382 1387
1282 1395
1385 1396
1394 1398
1366 1399
1395 1399
1316 1401
1392 1407
1398 1411
1410 1411
1406 1416
1292 1419
1404 1421
1430 1445
1434 1452
1447 1457
1345 1459
1467 1474
1472 1475
1457 1484
1362 1484
1419 1484
1462 1487
1471 1487
1352 1502
1405 1511
1510 1512
1491 1512
1509 1513
1467 1514
1511 1519
1517 1520
1515 1521
1530 1531
1427 1539
1536 1539
1450 1540
1545 1547
1544 1553
1551 1556
1511 1565
1576 1585
1681 1684
1255 -1
