1349 1350
1375 1377
1379 1380
1380 1381
1380 1384
1361 1397
1395 1401
1415 1416
1422 1425
1414 1427
1394 1427
1427 1428
1422 1429
1425 1429
1380 1431
1406 1431
1379 1440
1378 1441
1430 1441
1428 1444
1435 1452
1441 1453
1427 1455
1456 1460
1439 1462
1463 1465
1467 1469
1468 1472
1425 1476
1478 1480
1483 1489
1454 1491
1490 1492
1432 1493
1493 1494
1494 1495
1493 1496
1491 1498
1500 1501
1496 1501
1511 1513
1515 1516
1515 1517
1508 1517
1507 1518
1519 1521
1519 1521
1521 1522
1518 1526
1524 1526
1528 1530
1525 1532
1533 1537
1541 1542
1542 1546
1546 1547
1548 1550
1552 1553
1550 1554
1551 1555
1554 1555
1542 1556
1555 1557
1557 1560
1562 1580
1577 1584
1413 -1
1416 -1
1417 -1
1466 -1
1486 -1
1513 -1
1519 -1
1524 -1
1539 -1
