1343 1347
1372 1373
1373 1374
1373 1382
1372 1400
1396 1401
1398 1417
1412 1424
1388 1425
1412 1427
1427 1430
1427 1430
1429 1430
1401 1432
1374 1436
1430 1437
1373 1439
1433 1440
1422 1443
1436 1446
1439 1450
1445 1453
1456 1461
1440 1462
1453 1464
1420 1466
1491 1495
1458 1496
1492 1497
1493 1497
1496 1499
1442 1504
1500 1508
1493 1512
1511 1513
1516 1517
1510 1518
1506 1518
1522 1525
1524 1526
1526 1533
1527 1534
1542 1543
1545 1546
1550 1552
1550 1553
1541 1555
1555 1556
1557 1558
1558 1559
1559 1564
1575 1583
1569 1584
1413 -1
1415 -1
1416 -1
1463 -1
1490 -1
1512 -1
1517 -1
1519 -1
1543 -1
