1301 1305
1274 1305
1287 1309
1310 1311
1264 1313
1308 1314
1278 1319
1318 1328
1302 1333
1322 1334
1334 1337
1305 1339
1346 1349
1319 1354
1354 1355
1295 1356
1344 1356
1352 1360
1359 1361
1329 1364
1362 1365
1364 1368
1358 1369
1365 1369
1372 1375
1294 1376
1360 1376
1371 1377
1353 1382
1323 1387
1273 1395
1380 1395
1399 1407
1390 1412
1412 1416
1412 1417
1378 1419
1403 1419
1286 1424
1400 1425
1417 1440
1429 1453
1445 1454
1331 1454
1456 1459
1429 1474
1468 1475
1466 1479
1476 1480
1466 1484
1370 1491
1344 1495
1458 1498
1503 1506
1463 1508
1510 1513
1499 1515
1511 1515
1415 1523
1524 1527
1443 1537
1535 1539
1422 1541
1545 1560
1505 1562
1555 1564
1565 1595
1698 1709
1245 -1
