1331 1332
1333 1337
1345 1348
1361 1362
1351 1372
1385 1387
1388 1389
1384 1389
1387 1392
1387 1396
1397 1398
1387 1399
1385 1400
1392 1407
1400 1407
1404 1413
1413 1418
1417 1420
1402 1422
1413 1426
1414 1428
1377 1428
1423 1429
1425 1434
1416 1434
1427 1434
1373 1434
1434 1436
1434 1437
1427 1439
1427 1439
1420 1440
1431 1442
1426 1450
1455 1457
1457 1458
1439 1462
1453 1464
1445 1484
1489 1491
1494 1495
1493 1497
1495 1499
1503 1504
1505 1506
1473 1514
1511 1514
1514 1519
1515 1519
1505 1524
1524 1526
1523 1526
1530 1531
1526 1537
1536 1537
1534 1539
1542 1544
1528 1546
1548 1550
1552 1553
1549 1553
1550 1557
1558 1562
1557 1568
1567 1594
1410 -1
1411 -1
1413 -1
1474 -1
1488 -1
1498 -1
1508 -1
1517 -1
1534 -1
