1344 1345
1355 1362
1365 1368
1351 1370
1386 1388
1391 1393
1390 1393
1383 1395
1396 1398
1392 1399
1400 1403
1395 1404
1407 1408
1400 1412
1411 1413
1410 1419
1409 1420
1384 1420
1416 1421
1425 1426
1421 1430
1425 1431
1426 1432
1415 1433
1418 1435
1432 1435
1436 1438
1432 1439
1429 1439
1427 1441
1416 1441
1441 1442
1378 1443
1438 1445
1443 1447
1445 1448
1450 1460
1460 1466
1469 1470
1479 1481
1477 1482
1454 1494
1494 1501
1502 1503
1500 1511
1467 1511
1500 1516
1516 1520
1521 1522
1522 1527
1529 1530
1532 1533
1526 1535
1534 1535
1539 1540
1539 1541
1539 1541
1540 1541
1539 1544
1547 1552
1558 1563
1557 1568
1565 1587
1409 -1
1413 -1
1413 -1
1464 -1
1487 -1
1507 -1
1510 -1
1515 -1
1536 -1
