1283 1293
1273 1300
1300 1312
1309 1314
1276 1315
1269 1318
1292 1320
1324 1329
1311 1334
1300 1335
1338 1341
1288 1341
1340 1342
1333 1348
1348 1350
1350 1352
1335 1353
1302 1353
1354 1355
1352 1355
1354 1355
1295 1361
1323 1363
1364 1365
1370 1374
1366 1374
1368 1376
1344 1377
1312 1386
1380 1389
1269 1393
1395 1399
1389 1404
1370 1406
1383 1408
1393 1408
1404 1412
1271 1413
1420 1421
1402 1422
1417 1429
1428 1437
1423 1444
1439 1453
1324 1459
1469 1477
1421 1477
1469 1480
1464 1483
1352 1485
1474 1485
1453 1494
1483 1497
1342 1497
1496 1501
1500 1505
1424 1508
1505 1515
1513 1515
1468 1517
1521 1524
1524 1531
1448 1533
1424 1540
1493 1559
1549 1566
1555 1587
1703 1704
1703 1709
1254 -1
