1291 1301
1303 1304
1291 1309
1309 1312
1269 1320
1272 1328
1325 1331
1315 1340
1339 1342
1305 1343
1312 1352
1285 1353
1359 1362
1361 1365
1359 1370
1357 1374
1374 1376
1355 1376
1372 1377
1374 1377
1367 1377
1285 1378
1348 1379
1357 1380
1379 1381
1354 1381
1277 1383
1383 1385
1381 1394
1394 1397
1320 1402
1394 1403
1368 1404
1396 1408
1396 1409
1412 1414
1407 1416
1274 1416
1426 1433
1335 1450
1436 1454
1452 1459
1453 1466
1452 1467
1468 1475
1463 1482
1483 1485
1424 1486
1364 1487
1351 1494
1458 1496
1501 1505
1506 1507
1494 1513
1466 1513
1397 1514
1512 1515
1509 1517
1513 1519
1525 1529
1422 1531
1445 1531
1532 1534
1540 1551
1555 1556
1554 1558
1506 1561
1573 1599
1676 1678
1245 -1
