1291 1297
1267 1305
1310 1312
1284 1312
1307 1317
1280 1319
1278 1320
1300 1332
1338 1339
1312 1341
1351 1352
1294 1352
1345 1360
1350 1360
1305 1360
1354 1362
1369 1370
1325 1370
1293 1371
1371 1372
1371 1376
1356 1377
1367 1380
1371 1381
1319 1385
1375 1389
1265 1395
1373 1402
1388 1404
1388 1407
1386 1409
1389 1409
1402 1411
1406 1411
1267 1416
1389 1417
1419 1428
1426 1449
1321 1452
1446 1458
1450 1472
1463 1475
1425 1477
1480 1481
1469 1482
1446 1483
1470 1486
1357 1489
1331 1496
1505 1506
1422 1510
1507 1515
1459 1516
1515 1517
1513 1518
1497 1518
1513 1525
1453 1532
1427 1537
1482 1549
1552 1566
1539 1579
1692 1693
1678 1714
1240 -1
