1281 1318
1318 1323
1286 1329
1323 1332
1315 1334
1312 1335
1297 1335
1335 1348
1351 1354
1342 1356
1355 1356
1354 1357
1347 1360
1304 1364
1319 1369
1296 1372
1368 1374
1363 1378
1367 1381
1368 1381
1374 1382
1381 1383
1359 1387
1388 1389
1390 1391
1269 1392
1328 1396
1386 1397
1387 1398
1378 1401
1399 1404
1405 1407
1385 1408
1399 1410
1402 1412
1401 1412
1396 1412
1306 1413
1340 1453
1429 1454
1455 1460
1453 1462
1466 1467
1463 1477
1467 1481
1420 1483
1482 1485
1351 1490
1487 1491
1455 1495
1494 1496
1344 1502
1493 1506
1416 1511
1496 1513
1511 1515
1516 1519
1514 1519
1469 1520
1524 1528
1442 1530
1427 1539
1501 1554
1546 1556
1554 1587
1255 -1
