1295 1299
1312 1313
1291 1318
1286 1319
1312 1323
1294 1329
1294 1333
1331 1334
1322 1336
1337 1338
1321 1338
1338 1346
1315 1347
1336 1348
1344 1349
1348 1354
1299 1359
1294 1365
1316 1366
1352 1366
1334 1367
1368 1371
1361 1374
1374 1377
1348 1378
1373 1379
1343 1381
1377 1383
1317 1386
1387 1388
1375 1388
1286 1400
1397 1404
1397 1405
1390 1407
1389 1408
1387 1412
1309 1413
1384 1414
1419 1425
1440 1442
1438 1444
1419 1450
1340 1456
1464 1478
1414 1480
1466 1482
1475 1484
1352 1491
1491 1496
1442 1498
1346 1502
1499 1506
1508 1509
1505 1509
1495 1509
1507 1510
1506 1511
1428 1514
1519 1520
1517 1521
1520 1521
1518 1521
1469 1523
1444 1536
1421 1536
1530 1538
1551 1553
1476 1554
1542 1558
1554 1595
1724 1733
1280 -1
