1347 1357
1365 1367
1371 1372
1355 1386
1378 1392
1395 1401
1403 1406
1404 1409
1385 1409
1387 1413
1394 1417
1421 1422
1428 1430
1418 1430
1412 1432
1370 1432
1375 1435
1433 1435
1428 1435
1432 1435
1428 1443
1426 1447
1423 1449
1437 1451
1424 1455
1448 1460
1470 1473
1477 1478
1476 1479
1483 1490
1491 1494
1466 1497
1450 1497
1492 1497
1497 1498
1500 1502
1500 1505
1502 1517
1508 1517
1518 1524
1523 1525
1521 1525
1523 1525
1525 1526
1529 1531
1531 1532
1537 1539
1539 1540
1545 1546
1548 1549
1553 1554
1543 1554
1554 1556
1551 1559
1554 1561
1563 1570
1407 -1
1414 -1
1418 -1
1460 -1
1485 -1
1503 -1
1513 -1
1522 -1
1540 -1
