1356 1364
1361 1365
1372 1375
1376 1382
1384 1386
1385 1388
1383 1389
1384 1394
1393 1395
1383 1396
1396 1397
1393 1404
1406 1407
1401 1409
1392 1409
1408 1414
1409 1417
1412 1424
1408 1430
1389 1430
1432 1433
1432 1435
1429 1435
1431 1435
1435 1436
1430 1438
1422 1439
1425 1441
1433 1443
1441 1444
1382 1452
1441 1454
1430 1457
1446 1460
1429 1464
1460 1466
1465 1467
1462 1470
1450 1480
1475 1481
1478 1482
1495 1497
1497 1500
1493 1502
1508 1510
1467 1514
1509 1518
1521 1525
1513 1526
1520 1528
1526 1530
1530 1531
1530 1531
1529 1531
1529 1533
1532 1534
1532 1534
1531 1536
1534 1537
1534 1537
1543 1544
1549 1550
1543 1551
1552 1554
1558 1562
1559 1568
1572 1578
1567 1582
1408 -1
1420 -1
1428 -1
1460 -1
1485 -1
1507 -1
1514 -1
1517 -1
1534 -1
