1353 1355
1364 1366
1362 1389
1390 1396
1399 1402
1395 1402
1399 1406
1384 1406
1394 1415
1419 1420
1403 1422
1422 1423
1421 1424
1427 1429
1427 1433
1369 1435
1422 1436
1433 1436
1433 1438
1428 1439
1419 1439
1384 1440
1427 1440
1434 1448
1441 1449
1441 1450
1418 1453
1457 1466
1457 1469
1476 1480
1485 1486
1488 1489
1487 1490
1468 1498
1501 1502
1453 1502
1512 1513
1508 1514
1508 1518
1522 1523
1521 1523
1521 1523
1523 1525
1525 1526
1531 1534
1525 1536
1544 1547
1548 1550
1552 1553
1549 1553
1557 1558
1548 1560
1562 1563
1556 1569
1566 1588
1590 1599
1414 -1
1414 -1
1419 -1
1475 -1
1486 -1
1511 -1
1512 -1
1523 -1
1549 -1
