1347 1356
1363 1365
1385 1386
1377 1387
1369 1400
1404 1405
1407 1409
1417 1420
1422 1423
1425 1430
1420 1430
1381 1430
1405 1430
1402 1431
1427 1432
1417 1433
1430 1434
1429 1435
1380 1437
1435 1444
1383 1447
1446 1448
1427 1451
1441 1451
1429 1454
1423 1454
1413 1469
1465 1469
1469 1475
1473 1479
1486 1491
1490 1491
1481 1492
1494 1495
1489 1495
1456 1496
1499 1503
1443 1503
1493 1513
1513 1514
1509 1519
1511 1520
1518 1521
1520 1521
1517 1522
1520 1525
1525 1528
1528 1529
1524 1530
1525 1531
1530 1532
1541 1544
1544 1549
1549 1550
1548 1551
1554 1555
1555 1557
1544 1558
1555 1558
1561 1564
1563 1573
1562 1581
1414 -1
1421 -1
1426 -1
1464 -1
1490 -1
1510 -1
1517 -1
1523 -1
1534 -1
