1283 1293
1284 1303
1284 1312
1310 1318
1317 1318
1318 1320
1293 1329
1324 1333
1293 1336
1334 1336
1322 1344
1343 1345
1334 1349
1293 1351
1348 1353
1346 1356
1324 1356
1330 1357
1284 1360
1362 1363
1316 1365
1338 1366
1357 1369
1368 1370
1354 1374
1351 1374
1362 1375
1380 1381
1379 1382
1350 1385
1378 1386
1373 1388
1281 1393
1325 1393
1392 1396
1387 1396
1389 1402
1401 1403
1396 1405
1380 1409
1388 1411
1302 1414
1438 1448
1421 1455
1457 1459
1329 1459
1456 1468
1460 1476
1474 1482
1415 1482
1478 1485
1344 1485
1482 1487
1448 1491
1347 1505
1429 1507
1510 1511
1503 1511
1510 1512
1511 1513
1514 1516
1507 1517
1462 1523
1424 1528
1450 1532
1528 1534
1523 1543
1538 1544
1470 1544
1564 1567
1529 1575
1704 1714
1719 1721
1245 -1
