1357 1358
1378 1383
1389 1391
1363 1394
1385 1406
1399 1406
1397 1408
1406 1413
1413 1418
1413 1420
1421 1424
1433 1436
1433 1438
1433 1443
1421 1443
1437 1447
1416 1447
1433 1450
1447 1450
1439 1450
1448 1451
1383 1453
1434 1454
1448 1459
1461 1466
1464 1466
1465 1468
1458 1477
1431 1477
1475 1478
1396 1480
1479 1480
1472 1481
1492 1497
1496 1500
1497 1501
1476 1501
1501 1502
1452 1503
1504 1506
1505 1506
1512 1513
1517 1523
1520 1523
1511 1524
1527 1528
1524 1528
1529 1530
1530 1537
1514 1541
1537 1542
1543 1545
1544 1547
1549 1552
1558 1559
1557 1560
1543 1563
1570 1579
1560 1588
1419 -1
1423 -1
1425 -1
1488 -1
1490 -1
1512 -1
1524 -1
1529 -1
1545 -1
