1272 1312
1278 1314
1310 1316
1307 1320
1322 1324
1321 1324
1320 1324
1309 1325
1286 1326
1309 1326
1323 1327
1279 1330
1313 1333
1311 1335
1330 1340
1348 1354
1360 1361
1354 1361
1352 1365
1363 1367
1360 1367
1360 1369
1295 1370
1367 1371
1322 1373
1340 1376
1375 1378
1250 1378
1354 1383
1372 1389
1387 1389
1360 1389
1331 1390
1390 1391
1387 1391
1378 1392
1373 1392
1385 1398
1390 1402
1373 1404
1410 1412
1296 1414
1406 1419
1406 1420
1406 1422
1427 1451
1330 1452
1461 1466
1454 1467
1458 1474
1464 1476
1431 1479
1464 1481
1482 1488
1359 1491
1489 1494
1453 1494
1336 1496
1405 1511
1496 1516
1472 1518
1516 1520
1524 1527
1451 1531
1429 1541
1501 1556
1546 1560
1562 1567
1555 1571
1664 1668
1235 -1
