1354 1359
1360 1362
1366 1373
1382 1386
1390 1399
1400 1405
1380 1409
1404 1410
1395 1412
1399 1417
1424 1425
1424 1427
1386 1429
1421 1429
1411 1430
1419 1433
1427 1436
1376 1439
1435 1445
1435 1445
1439 1446
1425 1450
1454 1458
1449 1466
1466 1469
1463 1473
1421 1475
1477 1479
1485 1486
1443 1487
1491 1494
1488 1497
1492 1498
1497 1500
1466 1506
1503 1506
1511 1512
1516 1517
1510 1517
1514 1517
1515 1517
1509 1517
1516 1520
1518 1520
1519 1522
1529 1530
1530 1535
1534 1535
1529 1537
1529 1541
1549 1551
1551 1554
1542 1555
1554 1555
1560 1562
1548 1564
1567 1568
1562 1581
1584 1585
1412 -1
1415 -1
1420 -1
1463 -1
1489 -1
1504 -1
1513 -1
1514 -1
1533 -1
