1305 1311
1311 1314
1254 1318
1317 1327
1322 1327
1319 1328
1258 1329
1306 1332
1339 1340
1293 1346
1296 1347
1305 1348
1300 1351
1354 1357
1359 1363
1356 1363
1357 1366
1327 1366
1366 1372
1350 1375
1361 1375
1372 1375
1297 1376
1351 1376
1373 1377
1347 1378
1367 1383
1343 1384
1257 1384
1381 1387
1368 1388
1389 1392
1379 1395
1318 1395
1398 1405
1402 1407
1390 1409
1401 1411
1387 1412
1391 1413
1413 1415
1379 1417
1276 1418
1345 1455
1437 1457
1457 1468
1468 1472
1462 1478
1429 1479
1451 1480
1470 1484
1358 1486
1459 1492
1349 1493
1390 1506
1465 1510
1513 1516
1508 1520
1508 1521
1497 1522
1426 1529
1458 1533
1530 1535
1544 1546
1543 1559
1543 1567
1521 1569
1557 1573
1571 1582
1625 1628
1229 -1
