1357 1361
1358 1361
1362 1363
1365 1366
1365 1383
1381 1388
1401 1402
1387 1405
1394 1405
1399 1407
1407 1409
1403 1410
1407 1410
1410 1412
1411 1417
1400 1421
1415 1423
1381 1432
1428 1435
1431 1436
1414 1437
1433 1437
1437 1438
1420 1439
1428 1441
1425 1446
1381 1447
1439 1449
1450 1451
1436 1453
1453 1457
1442 1463
1463 1466
1462 1466
1456 1468
1450 1469
1472 1473
1432 1475
1492 1495
1448 1498
1496 1501
1469 1501
1498 1502
1504 1506
1511 1513
1511 1513
1512 1516
1517 1519
1517 1521
1516 1523
1519 1524
1533 1534
1537 1538
1532 1540
1539 1541
1540 1541
1545 1546
1545 1549
1545 1549
1548 1550
1550 1551
1553 1555
1549 1561
1557 1572
1563 1590
1591 1603
1406 -1
1416 -1
1420 -1
1474 -1
1492 -1
1500 -1
1510 -1
1516 -1
1530 -1
