1344 1356
1367 1368
1354 1382
1393 1395
1394 1396
1390 1401
1392 1405
1410 1412
1401 1413
1399 1415
1406 1416
1417 1418
1388 1421
1420 1433
1418 1435
1427 1436
1433 1437
1434 1437
1436 1439
1439 1440
1438 1440
1444 1446
1436 1447
1432 1448
1436 1454
1454 1455
1454 1455
1454 1456
1441 1457
1455 1457
1382 1460
1450 1461
1442 1465
1422 1467
1418 1477
1480 1481
1489 1492
1489 1497
1466 1498
1500 1501
1501 1508
1507 1509
1507 1510
1508 1511
1504 1518
1518 1521
1520 1521
1465 1522
1524 1526
1535 1536
1535 1538
1537 1540
1543 1548
1544 1548
1552 1553
1552 1554
1549 1554
1573 1576
1562 1582
1583 1585
1573 1593
1414 -1
1417 -1
1419 -1
1489 -1
1491 -1
1505 -1
1510 -1
1516 -1
1539 -1
