1320 1321
1353 1361
1380 1382
1379 1383
1383 1385
1381 1388
1372 1390
1388 1391
1391 1393
1394 1396
1382 1399
1391 1408
1412 1414
1379 1418
1418 1422
1415 1422
1412 1424
1420 1425
1420 1426
1411 1429
1434 1435
1426 1436
1416 1437
1423 1438
1416 1440
1412 1442
1429 1442
1371 1445
1446 1448
1446 1448
1435 1451
1453 1458
1465 1467
1432 1481
1492 1495
1489 1497
1495 1498
1499 1500
1501 1503
1505 1506
1456 1507
1508 1509
1507 1511
1498 1513
1520 1521
1519 1525
1522 1525
1526 1527
1524 1527
1526 1528
1530 1535
1532 1536
1529 1539
1540 1541
1543 1544
1546 1547
1543 1548
1541 1548
1548 1549
1558 1562
1551 1565
1564 1568
1569 1581
1404 -1
1411 -1
1415 -1
1465 -1
1488 -1
1505 -1
1512 -1
1513 -1
1533 -1
