1284 1292
1278 1295
1279 1311
1310 1315
1316 1318
1278 1326
1291 1329
1316 1330
1327 1334
1322 1339
1339 1343
1322 1344
1343 1346
1339 1352
1317 1352
1304 1357
1313 1359
1287 1362
1361 1362
1327 1363
1352 1366
1359 1372
1368 1372
1364 1373
1348 1374
1359 1375
1369 1375
1375 1378
1341 1378
1378 1379
1375 1383
1381 1388
1339 1388
1377 1392
1390 1393
1391 1397
1272 1398
1368 1403
1294 1406
1406 1411
1391 1414
1414 1448
1443 1451
1334 1456
1461 1473
1464 1474
1420 1475
1476 1486
1345 1486
1483 1487
1482 1489
1335 1498
1452 1498
1503 1506
1426 1510
1508 1510
1502 1511
1503 1513
1512 1515
1519 1521
1465 1527
1427 1529
1448 1530
1514 1534
1535 1537
1527 1537
1542 1549
1468 1549
1557 1561
1528 1575
1702 1715
1240 -1
