1252 1303
1281 1304
1310 1312
1306 1313
1295 1326
1270 1327
1305 1330
1307 1330
1318 1334
1315 1339
1304 1339
1344 1345
1344 1348
1295 1358
1308 1361
1360 1362
1358 1367
1326 1367
1364 1367
1368 1370
1359 1371
1369 1372
1365 1372
1351 1374
1345 1376
1251 1379
1328 1385
1380 1385
1384 1388
1388 1389
1388 1390
1372 1391
1382 1396
1382 1397
1400 1402
1404 1406
1370 1407
1285 1407
1394 1407
1409 1411
1400 1413
1399 1422
1420 1425
1437 1443
1425 1452
1329 1460
1459 1462
1448 1462
1456 1471
1418 1476
1465 1480
1476 1483
1354 1487
1452 1493
1330 1496
1423 1509
1498 1514
1512 1516
1508 1518
1463 1526
1522 1530
1529 1531
1438 1533
1449 1534
1526 1535
1483 1546
1558 1571
1542 1574
1663 1671
1684 1692
1233 -1
