1267 1304
1301 1312
1314 1318
1300 1319
1307 1321
1316 1326
1319 1328
1303 1328
1292 1330
1311 1332
1333 1334
1316 1337
1288 1343
1335 1348
1286 1349
1312 1359
1360 1361
1343 1361
1358 1364
1360 1368
1371 1372
1367 1372
1359 1372
1363 1372
1336 1373
1367 1374
1258 1382
1355 1382
1326 1386
1372 1393
1385 1393
1392 1396
1395 1396
1366 1400
1375 1400
1393 1401
1280 1403
1388 1411
1419 1424
1405 1429
1423 1447
1315 1448
1432 1450
1458 1470
1430 1478
1470 1482
1468 1482
1465 1484
1355 1488
1449 1490
1490 1491
1334 1499
1429 1509
1504 1510
1493 1513
1470 1518
1521 1524
1520 1524
1525 1527
1527 1528
1515 1529
1523 1529
1442 1531
1425 1533
1487 1550
1532 1567
1558 1573
1699 1707
1703 1708
1698 1713
1240 -1
