1341 1354
1356 1362
1363 1366
1370 1371
1362 1372
1358 1373
1359 1374
1385 1386
1385 1387
1391 1394
1393 1396
1397 1400
1358 1401
1383 1402
1391 1403
1406 1408
1411 1413
1422 1423
1422 1424
1416 1427
1424 1431
1433 1434
1410 1436
1414 1437
1433 1438
1422 1445
1429 1446
1376 1447
1437 1451
1442 1454
1429 1455
1452 1459
1406 1460
1467 1469
1468 1471
1468 1474
1426 1475
1483 1485
1477 1490
1489 1491
1497 1500
1465 1500
1507 1508
1509 1510
1500 1514
1498 1514
1515 1523
1524 1525
1523 1525
1524 1528
1526 1529
1528 1531
1529 1531
1531 1533
1532 1534
1534 1536
1541 1548
1558 1569
1566 1571
1572 1580
1405 -1
1415 -1
1420 -1
1456 -1
1481 -1
1504 -1
1504 -1
1510 -1
1533 -1
