1283 1315
1319 1320
1314 1322
1312 1322
1310 1324
1306 1325
1286 1326
1279 1328
1290 1335
1318 1336
1312 1348
1347 1352
1348 1353
1352 1356
1345 1359
1352 1360
1317 1364
1355 1366
1362 1368
1295 1368
1337 1368
1367 1369
1365 1371
1357 1372
1350 1372
1262 1384
1378 1388
1303 1390
1387 1391
1390 1392
1383 1398
1381 1399
1398 1404
1377 1405
1289 1406
1395 1407
1395 1408
1404 1425
1434 1448
1326 1450
1427 1453
1451 1471
1468 1476
1430 1478
1466 1479
1468 1483
1354 1487
1456 1494
1344 1500
1498 1508
1421 1511
1512 1513
1512 1515
1465 1515
1496 1517
1521 1522
1523 1525
1529 1532
1528 1533
1438 1535
1419 1537
1551 1555
1491 1557
1554 1568
1541 1568
1696 1699
1688 1707
1244 -1
