1264 1296
1278 1308
1311 1316
1288 1316
1314 1317
1309 1321
1303 1322
1323 1324
1318 1333
1311 1333
1287 1333
1338 1342
1322 1355
1355 1357
1355 1358
1317 1358
1361 1363
1348 1363
1285 1365
1322 1367
1359 1372
1363 1374
1354 1376
1345 1377
1373 1379
1370 1380
1379 1382
1264 1382
1328 1383
1363 1384
1383 1395
1394 1395
1380 1401
1395 1401
1277 1402
1400 1402
1391 1403
1402 1405
1411 1413
1400 1414
1419 1429
1434 1456
1446 1457
1455 1459
1340 1462
1462 1473
1453 1474
1468 1477
1468 1478
1423 1479
1349 1489
1457 1490
1489 1490
1344 1496
1496 1497
1498 1506
1499 1511
1427 1512
1517 1519
1466 1519
1520 1522
1442 1533
1521 1534
1529 1534
1430 1540
1484 1554
1554 1566
1535 1579
1695 1701
1692 1702
1246 -1
