1301 1304
1282 1307
1273 1310
1309 1311
1311 1312
1302 1313
1286 1317
1314 1323
1318 1329
1319 1330
1296 1344
1340 1344
1295 1347
1311 1349
1348 1352
1352 1355
1285 1355
1345 1360
1336 1363
1350 1370
1370 1371
1358 1371
1372 1373
1341 1374
1371 1379
1330 1380
1373 1380
1383 1385
1377 1389
1371 1394
1273 1398
1394 1400
1383 1400
1388 1407
1393 1413
1402 1413
1410 1413
1279 1414
1385 1417
1424 1445
1447 1458
1340 1458
1456 1460
1464 1470
1459 1475
1466 1480
1425 1481
1475 1483
1350 1488
1456 1488
1493 1494
1348 1501
1418 1503
1491 1511
1511 1513
1508 1513
1502 1514
1516 1517
1468 1519
1520 1521
1516 1521
1450 1535
1437 1536
1531 1538
1539 1546
1494 1557
1556 1563
1549 1591
1687 1699
1264 -1
