1357 1360
1356 1377
1380 1381
1384 1388
1376 1393
1396 1399
1397 1401
1395 1402
1401 1403
1400 1407
1407 1412
1395 1413
1416 1417
1421 1424
1411 1425
1421 1429
1391 1429
1423 1430
1428 1430
1419 1431
1435 1436
1424 1438
1434 1441
1431 1442
1433 1443
1434 1443
1437 1444
1444 1445
1372 1445
1432 1445
1425 1449
1456 1461
1452 1462
1462 1466
1463 1466
1464 1466
1487 1490
1453 1494
1472 1501
1498 1502
1500 1503
1498 1506
1507 1515
1511 1522
1520 1522
1517 1523
1524 1525
1525 1526
1523 1527
1528 1530
1530 1532
1532 1533
1522 1537
1542 1543
1541 1544
1539 1545
1552 1554
1550 1554
1555 1559
1552 1560
1561 1569
1562 1585
1590 1593
1413 -1
1415 -1
1425 -1
1473 -1
1491 -1
1510 -1
1519 -1
1521 -1
1542 -1
