1352 1360
1357 1360
1361 1370
1376 1378
1378 1379
1386 1388
1376 1390
1395 1401
1389 1402
1393 1404
1401 1405
1397 1406
1413 1428
1430 1435
1427 1435
1432 1435
1381 1435
1425 1441
1440 1442
1427 1443
1378 1443
1435 1445
1426 1445
1435 1445
1452 1453
1446 1455
1426 1460
1463 1466
1462 1473
1474 1476
1468 1478
1455 1491
1495 1500
1497 1501
1498 1503
1503 1509
1509 1512
1473 1512
1507 1514
1515 1516
1505 1517
1518 1521
1519 1521
1520 1523
1529 1530
1527 1537
1536 1539
1537 1539
1538 1540
1540 1541
1548 1550
1550 1552
1553 1555
1543 1555
1553 1556
1563 1565
1562 1572
1571 1577
1569 1588
1412 -1
1414 -1
1423 -1
1464 -1
1493 -1
1502 -1
1511 -1
1514 -1
1538 -1
