1274 1280
1273 1292
1275 1297
1299 1305
1321 1326
1325 1328
1320 1330
1291 1330
1306 1330
1324 1331
1322 1332
1297 1339
1328 1344
1342 1344
1311 1347
1338 1354
1300 1354
1347 1357
1286 1360
1344 1370
1356 1371
1371 1372
1361 1372
1364 1373
1369 1376
1364 1377
1377 1381
1383 1384
1352 1386
1268 1386
1327 1387
1372 1388
1381 1395
1395 1396
1383 1397
1393 1402
1402 1403
1381 1406
1396 1413
1269 1417
1424 1449
1439 1449
1322 1456
1457 1463
1459 1470
1434 1481
1464 1481
1466 1482
1476 1487
1455 1488
1489 1491
1346 1493
1333 1500
1500 1504
1423 1509
1501 1512
1501 1514
1513 1515
1517 1519
1474 1519
1523 1525
1521 1526
1524 1532
1448 1539
1530 1539
1422 1541
1480 1550
1542 1555
1559 1565
1541 1575
1704 1711
1715 1716
1255 -1
