1327 1341
1357 1366
1365 1367
1380 1383
1401 1404
1398 1411
1396 1414
1412 1415
1406 1416
1363 1419
1419 1421
1423 1425
1415 1425
1425 1430
1400 1431
1381 1433
1366 1439
1402 1439
1426 1440
1412 1448
1418 1450
1430 1453
1452 1456
1446 1459
1373 1463
1431 1465
1462 1468
1472 1480
1467 1481
1473 1483
1464 1488
1480 1492
1482 1497
1493 1497
1491 1499
1500 1503
1442 1504
1500 1506
1505 1517
1519 1520
1519 1521
1521 1522
1522 1523
1509 1523
1518 1526
1520 1527
1516 1527
1530 1531
1532 1538
1538 1540
1536 1542
1542 1543
1539 1543
1541 1544
1542 1545
1545 1547
1541 1550
1550 1552
1548 1553
1551 1554
1552 1556
1555 1558
1567 1568
1408 -1
1422 -1
1430 -1
1449 -1
1485 -1
1515 -1
1517 -1
1521 -1
1539 -1
