1360 1361
1367 1387
1394 1395
1391 1397
1400 1403
1398 1406
1408 1410
1410 1413
1412 1414
1409 1414
1397 1416
1424 1426
1419 1428
1408 1431
1428 1434
1426 1436
1425 1436
1416 1436
1379 1436
1430 1437
1422 1439
1389 1440
1420 1440
1433 1441
1442 1451
1446 1456
1446 1457
1418 1460
1454 1461
1455 1463
1463 1465
1462 1466
1492 1493
1466 1499
1494 1501
1455 1502
1500 1506
1502 1506
1509 1512
1510 1513
1512 1514
1516 1517
1505 1518
1520 1521
1520 1522
1534 1536
1527 1540
1537 1544
1543 1544
1549 1551
1552 1556
1561 1563
1549 1566
1569 1570
1563 1576
1562 1589
1587 1597
1405 -1
1412 -1
1422 -1
1483 -1
1487 -1
1509 -1
1517 -1
1523 -1
1543 -1
