1292 1294
1300 1312
1266 1320
1319 1323
1253 1336
1338 1343
1315 1344
1282 1351
1349 1354
1320 1359
1353 1361
1345 1366
1310 1366
1350 1367
1352 1369
1346 1370
1357 1372
1369 1376
1373 1377
1286 1378
1376 1382
1364 1384
1384 1386
1312 1388
1382 1389
1392 1393
1292 1393
1393 1396
1399 1401
1404 1406
1405 1409
1399 1410
1408 1411
1401 1412
1273 1417
1380 1425
1425 1447
1451 1452
1450 1454
1344 1456
1460 1469
1470 1471
1472 1481
1358 1482
1429 1483
1466 1487
1458 1491
1350 1496
1409 1505
1503 1507
1505 1508
1505 1511
1491 1512
1508 1515
1466 1515
1423 1532
1531 1533
1535 1536
1453 1541
1537 1544
1544 1560
1509 1563
1551 1576
1581 1594
1640 1644
1252 -1
