1330 1332
1354 1356
1366 1367
1359 1370
1363 1370
1374 1375
1387 1390
1389 1391
1389 1392
1379 1394
1392 1399
1391 1400
1397 1402
1394 1408
1419 1422
1375 1423
1424 1425
1420 1425
1423 1427
1421 1427
1419 1430
1419 1435
1417 1437
1434 1439
1429 1440
1427 1440
1419 1440
1374 1442
1428 1445
1415 1447
1444 1450
1435 1450
1448 1453
1461 1464
1466 1467
1468 1470
1475 1476
1438 1481
1484 1486
1493 1495
1497 1498
1498 1501
1507 1511
1505 1511
1467 1516
1517 1518
1517 1518
1515 1520
1517 1520
1501 1521
1522 1523
1522 1539
1537 1540
1540 1543
1536 1544
1545 1546
1540 1549
1550 1551
1555 1565
1573 1574
1570 1588
1404 -1
1407 -1
1411 -1
1468 -1
1488 -1
1513 -1
1515 -1
1519 -1
1540 -1
