1354 1356
1373 1376
1381 1383
1368 1391
1391 1399
1395 1401
1400 1412
1407 1413
1391 1421
1432 1434
1406 1434
1424 1436
1425 1437
1389 1438
1427 1438
1421 1439
1431 1443
1436 1446
1439 1446
1442 1446
1443 1446
1383 1447
1449 1450
1436 1460
1459 1463
1463 1465
1431 1470
1474 1479
1487 1488
1486 1490
1487 1491
1450 1492
1497 1498
1492 1499
1470 1503
1516 1517
1515 1518
1518 1519
1510 1520
1513 1523
1523 1526
1524 1526
1528 1532
1530 1532
1532 1534
1537 1540
1537 1541
1547 1548
1549 1550
1546 1551
1551 1552
1551 1552
1541 1554
1552 1555
1558 1560
1563 1564
1562 1570
1563 1588
1590 1597
1407 -1
1409 -1
1427 -1
1471 -1
1480 -1
1505 -1
1516 -1
1520 -1
1537 -1
