1270 1295
1300 1305
1284 1309
1303 1310
1305 1310
1288 1317
1304 1323
1298 1329
1312 1331
1293 1337
1294 1339
1298 1349
1340 1354
1343 1354
1356 1358
1355 1359
1358 1359
1359 1361
1324 1362
1360 1365
1359 1367
1296 1368
1373 1376
1357 1377
1375 1377
1345 1377
1378 1379
1335 1380
1262 1390
1396 1398
1391 1401
1384 1402
1388 1402
1375 1403
1388 1403
1400 1409
1393 1415
1268 1415
1413 1415
1425 1426
1436 1441
1434 1445
1326 1452
1432 1456
1454 1470
1422 1471
1459 1471
1454 1472
1467 1479
1482 1485
1456 1485
1353 1494
1334 1495
1486 1507
1430 1510
1511 1515
1508 1515
1513 1516
1461 1516
1515 1517
1523 1528
1417 1531
1448 1532
1520 1536
1528 1536
1488 1546
1550 1564
1544 1579
1706 1707
1703 1710
1701 1710
1239 -1
