1333 1335
1377 1380
1357 1387
1396 1397
1396 1398
1396 1399
1399 1400
1395 1403
1400 1407
1392 1408
1397 1408
1415 1419
1406 1428
1433 1441
1432 1446
1440 1447
1433 1448
1427 1448
1448 1450
1448 1451
1440 1451
1379 1452
1447 1454
1390 1456
1435 1464
1445 1464
1472 1473
1472 1473
1469 1477
1459 1485
1483 1487
1491 1498
1498 1499
1436 1499
1502 1506
1470 1507
1454 1513
1516 1518
1517 1519
1516 1520
1516 1521
1511 1521
1520 1523
1521 1526
1525 1527
1528 1529
1527 1534
1533 1534
1539 1540
1540 1544
1537 1546
1550 1552
1556 1559
1547 1560
1562 1567
1569 1577
1570 1589
1593 1607
1414 -1
1416 -1
1427 -1
1483 -1
1497 -1
1503 -1
1515 -1
1515 -1
1538 -1
