1346 1359
1368 1370
1370 1375
1381 1382
1368 1382
1373 1383
1386 1387
1382 1388
1387 1390
1400 1401
1399 1403
1401 1406
1396 1406
1411 1414
1366 1417
1393 1418
1385 1423
1425 1427
1413 1428
1374 1433
1429 1434
1431 1442
1428 1442
1433 1443
1434 1444
1441 1445
1423 1445
1448 1449
1448 1451
1447 1456
1435 1459
1428 1465
1462 1467
1466 1469
1422 1469
1476 1486
1485 1486
1438 1492
1490 1495
1485 1498
1499 1502
1505 1509
1463 1512
1508 1519
1505 1519
1517 1519
1518 1520
1519 1521
1523 1524
1523 1524
1513 1525
1528 1529
1530 1531
1528 1531
1531 1532
1521 1532
1542 1543
1540 1543
1547 1548
1549 1550
1550 1552
1548 1554
1555 1560
1554 1562
1566 1567
1572 1584
1415 -1
1418 -1
1422 -1
1446 -1
1486 -1
1501 -1
1505 -1
1511 -1
1534 -1
