1301 1306
1278 1310
1308 1312
1277 1314
1304 1320
1281 1322
1305 1324
1294 1337
1331 1337
1335 1338
1303 1342
1352 1354
1352 1354
1346 1356
1310 1358
1348 1365
1332 1367
1293 1368
1356 1368
1370 1374
1368 1374
1347 1377
1366 1377
1328 1379
1383 1387
1385 1387
1386 1398
1384 1398
1398 1400
1268 1401
1378 1406
1398 1412
1394 1414
1393 1414
1275 1418
1440 1449
1430 1454
1328 1454
1461 1468
1458 1473
1468 1480
1471 1482
1425 1482
1361 1492
1494 1496
1335 1496
1460 1498
1505 1507
1432 1512
1496 1513
1470 1519
1512 1523
1523 1524
1527 1532
1423 1535
1533 1540
1452 1541
1536 1549
1487 1552
1554 1558
1560 1563
1550 1590
1714 1743
1266 -1
