1291 1301
1274 1304
1265 1307
1291 1311
1299 1320
1325 1326
1325 1326
1313 1327
1296 1328
1281 1329
1287 1329
1338 1339
1337 1340
1338 1350
1299 1350
1285 1353
1345 1354
1354 1355
1343 1356
1352 1356
1361 1362
1357 1362
1360 1363
1368 1372
1336 1373
1348 1380
1255 1383
1386 1388
1368 1388
1375 1389
1319 1391
1392 1396
1395 1398
1379 1399
1393 1404
1277 1404
1376 1406
1387 1407
1402 1424
1423 1426
1424 1444
1329 1445
1444 1447
1441 1452
1453 1466
1464 1466
1460 1478
1469 1482
1468 1483
1432 1484
1452 1490
1351 1494
1336 1495
1498 1501
1421 1510
1503 1511
1468 1515
1496 1521
1520 1522
1518 1524
1522 1525
1521 1528
1525 1528
1443 1530
1528 1532
1423 1539
1488 1554
1554 1569
1531 1570
1683 1685
1697 1705
1236 -1
