1345 1355
1361 1367
1366 1370
1361 1371
1377 1380
1368 1382
1379 1392
1391 1392
1395 1397
1393 1399
1358 1406
1371 1406
1406 1407
1406 1408
1417 1423
1402 1429
1418 1429
1423 1430
1428 1437
1440 1441
1437 1441
1442 1443
1419 1448
1447 1448
1431 1449
1416 1449
1440 1452
1371 1453
1437 1457
1444 1459
1460 1461
1461 1463
1416 1465
1469 1471
1477 1478
1467 1479
1477 1480
1427 1484
1490 1491
1479 1491
1492 1495
1498 1502
1457 1503
1503 1511
1506 1520
1521 1522
1513 1524
1521 1524
1524 1525
1522 1525
1521 1527
1525 1528
1535 1537
1532 1540
1542 1543
1546 1547
1548 1554
1554 1555
1554 1557
1556 1560
1558 1566
1561 1566
1571 1583
1413 -1
1421 -1
1423 -1
1459 -1
1484 -1
1503 -1
1512 -1
1513 -1
1536 -1
