1279 1314
1312 1315
1318 1323
1302 1323
1323 1324
1289 1324
1311 1328
1295 1331
1331 1333
1298 1335
1300 1344
1341 1346
1343 1347
1344 1347
1310 1356
1341 1357
1358 1359
1353 1361
1296 1362
1334 1363
1365 1366
1360 1371
1366 1371
1364 1373
1342 1378
1378 1381
1381 1383
1355 1383
1378 1384
1326 1392
1380 1393
1374 1398
1398 1400
1277 1401
1397 1402
1388 1403
1390 1409
1388 1410
1403 1411
1388 1412
1277 1415
1442 1447
1326 1452
1428 1454
1464 1471
1466 1477
1470 1479
1429 1481
1472 1486
1358 1488
1494 1496
1339 1499
1446 1500
1419 1508
1507 1510
1499 1511
1467 1512
1500 1516
1513 1516
1514 1520
1530 1532
1528 1532
1423 1537
1451 1537
1549 1550
1539 1555
1493 1558
1558 1564
1557 1595
1711 1726
1269 -1
