1284 1292
1304 1306
1305 1309
1297 1310
1265 1317
1273 1326
1321 1328
1335 1338
1282 1343
1314 1346
1342 1349
1309 1349
1314 1350
1357 1358
1352 1363
1348 1363
1347 1368
1348 1368
1288 1376
1375 1376
1371 1378
1355 1380
1382 1385
1384 1385
1370 1387
1381 1388
1314 1388
1385 1398
1281 1404
1391 1404
1402 1414
1381 1415
1409 1418
1276 1420
1402 1420
1418 1422
1339 1450
1431 1455
1448 1455
1459 1465
1460 1465
1458 1473
1457 1480
1424 1481
1359 1486
1456 1489
1341 1498
1504 1507
1407 1510
1488 1511
1467 1514
1506 1515
1511 1515
1519 1521
1521 1524
1450 1532
1535 1537
1422 1544
1542 1544
1541 1553
1550 1559
1511 1563
1576 1592
1657 1658
1675 1681
1247 -1
