1283 1284
1276 1293
1276 1304
1306 1307
1307 1319
1292 1321
1320 1323
1319 1328
1326 1331
1307 1335
1295 1339
1319 1339
1342 1343
1344 1346
1341 1347
1319 1352
1307 1355
1341 1356
1357 1359
1293 1359
1348 1360
1366 1368
1343 1368
1351 1371
1365 1373
1369 1378
1348 1378
1373 1379
1386 1387
1326 1391
1273 1394
1377 1395
1381 1396
1385 1401
1388 1403
1386 1405
1395 1407
1402 1409
1393 1415
1281 1416
1421 1448
1440 1449
1327 1453
1457 1461
1454 1463
1466 1476
1463 1482
1426 1485
1477 1487
1456 1491
1349 1493
1493 1495
1493 1500
1502 1503
1341 1503
1425 1508
1499 1508
1509 1510
1503 1517
1516 1517
1516 1518
1475 1519
1453 1533
1425 1535
1528 1537
1537 1542
1491 1554
1543 1561
1556 1565
1535 1581
1687 1708
1252 -1
