1286 1297
1283 1299
1275 1300
1307 1309
1306 1312
1305 1319
1305 1319
1284 1320
1323 1324
1281 1328
1311 1329
1327 1331
1302 1337
1317 1339
1338 1344
1341 1344
1343 1348
1318 1348
1305 1351
1349 1355
1274 1355
1346 1357
1346 1359
1317 1360
1361 1372
1363 1372
1343 1375
1369 1375
1315 1375
1372 1381
1373 1382
1370 1383
1392 1396
1386 1398
1270 1399
1398 1399
1380 1401
1372 1404
1277 1408
1398 1409
1386 1417
1432 1440
1421 1451
1334 1457
1460 1465
1463 1467
1469 1478
1410 1478
1461 1479
1478 1481
1481 1483
1470 1485
1340 1488
1449 1492
1499 1501
1434 1502
1497 1502
1340 1503
1502 1503
1507 1508
1501 1510
1512 1513
1457 1517
1517 1519
1420 1528
1446 1536
1529 1536
1534 1540
1466 1541
1518 1542
1557 1565
1531 1579
1696 1728
1240 -1
