1353 1355
1346 1358
1368 1371
1371 1373
1368 1374
1375 1380
1374 1387
1390 1395
1388 1399
1372 1410
1379 1412
1413 1415
1415 1417
1415 1419
1413 1420
1416 1421
1416 1421
1409 1424
1414 1426
1428 1429
1416 1430
1411 1430
1425 1432
1424 1433
1369 1436
1417 1439
1439 1440
1414 1442
1428 1444
1444 1446
1443 1450
1428 1451
1457 1464
1462 1465
1465 1466
1426 1466
1482 1483
1487 1488
1482 1497
1498 1500
1508 1509
1459 1511
1505 1516
1518 1519
1508 1519
1518 1520
1517 1522
1524 1525
1525 1526
1523 1529
1529 1531
1519 1532
1535 1537
1548 1549
1550 1551
1549 1551
1551 1553
1548 1553
1549 1556
1553 1558
1561 1564
1571 1583
1405 -1
1411 -1
1422 -1
1459 -1
1486 -1
1511 -1
1514 -1
1518 -1
1537 -1
