1256 1258
1272 1273
1282 1292
1276 1303
1304 1307
1309 1311
1305 1314
1313 1314
1291 1321
1286 1323
1308 1325
1332 1333
1310 1340
1304 1345
1339 1346
1350 1352
1350 1352
1307 1356
1292 1358
1349 1363
1346 1364
1343 1366
1353 1368
1370 1371
1341 1371
1369 1373
1368 1373
1365 1375
1364 1377
1368 1386
1375 1388
1331 1389
1390 1393
1392 1393
1381 1393
1390 1400
1270 1405
1399 1405
1382 1408
1391 1409
1270 1410
1415 1416
1430 1439
1417 1448
1329 1463
1460 1470
1456 1471
1464 1478
1353 1485
1426 1485
1477 1488
1488 1492
1450 1492
1341 1499
1496 1501
1499 1509
1508 1510
1506 1512
1421 1515
1518 1519
1515 1519
1474 1526
1523 1534
1427 1536
1443 1537
1530 1537
1536 1550
1485 1553
1553 1558
1548 1580
1691 1705
1249 -1
