1287 1305
1301 1310
1271 1321
1318 1324
1275 1328
1315 1341
1332 1344
1344 1346
1311 1351
1349 1352
1319 1355
1289 1358
1356 1361
1356 1366
1355 1370
1289 1375
1355 1376
1355 1379
1354 1379
1377 1381
1382 1384
1369 1386
1382 1386
1376 1389
1357 1391
1387 1391
1376 1392
1277 1397
1336 1401
1396 1404
1400 1411
1386 1414
1397 1415
1414 1416
1413 1416
1416 1420
1284 1422
1419 1427
1426 1441
1449 1455
1339 1455
1434 1456
1460 1471
1436 1482
1360 1484
1460 1485
1472 1485
1453 1486
1341 1494
1490 1496
1506 1509
1488 1509
1508 1510
1406 1511
1508 1515
1478 1516
1503 1517
1516 1518
1454 1529
1424 1536
1538 1540
1534 1546
1549 1551
1509 1555
1549 1556
1570 1583
1644 1658
1666 1674
1244 -1
