1250 1288
1295 1301
1285 1305
1296 1306
1307 1310
1313 1314
1290 1319
1288 1322
1306 1322
1304 1340
1340 1341
1303 1341
1341 1342
1284 1342
1341 1346
1351 1353
1342 1357
1356 1359
1336 1363
1292 1364
1362 1364
1362 1364
1306 1365
1358 1366
1357 1367
1366 1375
1347 1376
1325 1383
1384 1386
1382 1386
1380 1388
1241 1395
1391 1395
1395 1397
1379 1397
1399 1401
1381 1403
1401 1406
1394 1412
1393 1412
1379 1413
1415 1416
1267 1417
1403 1425
1431 1434
1328 1448
1424 1454
1443 1454
1455 1467
1461 1475
1456 1475
1429 1479
1471 1483
1347 1492
1459 1492
1329 1499
1497 1513
1515 1516
1431 1518
1511 1519
1469 1519
1519 1521
1519 1522
1521 1530
1530 1531
1428 1532
1524 1537
1441 1537
1480 1547
1554 1555
1551 1567
1548 1571
1684 1688
1682 1705
1238 -1
