1264 1305
1304 1306
1307 1310
1307 1315
1289 1317
1294 1319
1290 1320
1315 1321
1315 1321
1293 1324
1289 1330
1310 1332
1317 1333
1336 1340
1344 1350
1303 1356
1302 1358
1356 1364
1355 1366
1352 1366
1344 1367
1329 1373
1366 1374
1349 1375
1380 1382
1382 1383
1378 1384
1261 1386
1372 1386
1329 1387
1376 1388
1374 1392
1373 1394
1392 1398
1370 1404
1273 1404
1387 1413
1413 1426
1393 1426
1433 1436
1422 1448
1316 1451
1440 1453
1465 1468
1461 1472
1467 1479
1425 1480
1469 1482
1465 1485
1484 1489
1343 1493
1449 1495
1331 1498
1422 1502
1502 1506
1501 1513
1491 1514
1467 1517
1518 1522
1521 1523
1519 1523
1523 1524
1527 1528
1511 1529
1524 1529
1426 1531
1445 1532
1485 1545
1550 1552
1554 1564
1537 1571
1699 1705
1709 1712
1703 1716
1226 -1
