1349 1360
1355 1361
1357 1362
1367 1371
1377 1380
1376 1384
1383 1384
1390 1391
1382 1392
1393 1397
1376 1402
1385 1403
1400 1403
1407 1412
1394 1416
1420 1424
1418 1424
1419 1426
1425 1426
1417 1427
1384 1427
1423 1433
1434 1435
1368 1436
1424 1437
1427 1439
1430 1440
1440 1441
1439 1444
1424 1446
1446 1447
1430 1450
1431 1450
1430 1456
1417 1456
1457 1462
1469 1471
1468 1474
1472 1479
1479 1481
1438 1481
1487 1488
1499 1502
1473 1509
1494 1510
1509 1512
1510 1512
1509 1521
1518 1521
1508 1522
1515 1524
1527 1528
1525 1528
1527 1528
1529 1530
1528 1531
1527 1532
1524 1534
1535 1537
1538 1540
1538 1542
1545 1546
1544 1548
1549 1552
1567 1570
1560 1571
1572 1579
1574 1585
1404 -1
1418 -1
1418 -1
1450 -1
1490 -1
1505 -1
1518 -1
1518 -1
1540 -1
