1332 1343
1363 1374
1393 1399
1369 1401
1398 1402
1398 1403
1406 1409
1418 1419
1404 1420
1414 1420
1392 1422
1404 1425
1424 1428
1427 1429
1373 1433
1385 1435
1423 1442
1439 1443
1414 1445
1423 1446
1443 1448
1420 1453
1437 1455
1454 1457
1380 1460
1467 1471
1473 1474
1472 1475
1478 1481
1475 1484
1463 1486
1491 1493
1492 1498
1495 1499
1441 1500
1495 1500
1481 1506
1505 1515
1515 1521
1511 1522
1521 1522
1520 1523
1523 1524
1522 1525
1524 1526
1520 1531
1540 1541
1542 1545
1542 1546
1548 1549
1548 1551
1550 1552
1552 1553
1555 1556
1556 1558
1549 1558
1560 1563
1561 1563
1558 1565
1407 -1
1414 -1
1425 -1
1456 -1
1487 -1
1513 -1
1516 -1
1519 -1
1542 -1
