1314 1322
1303 1322
1286 1323
1316 1325
1323 1325
1285 1332
1314 1333
1301 1335
1313 1337
1308 1342
1338 1343
1282 1345
1332 1347
1351 1355
1347 1357
1356 1361
1360 1366
1348 1368
1359 1369
1300 1372
1356 1372
1359 1373
1323 1373
1371 1373
1372 1377
1341 1377
1377 1379
1257 1386
1383 1386
1388 1390
1373 1395
1380 1395
1378 1397
1319 1400
1398 1404
1402 1404
1300 1405
1389 1405
1395 1416
1408 1418
1421 1431
1331 1449
1429 1454
1453 1466
1463 1469
1447 1470
1464 1474
1473 1479
1433 1481
1358 1482
1474 1486
1449 1488
1489 1491
1351 1497
1498 1500
1410 1501
1509 1512
1509 1516
1496 1516
1468 1516
1516 1519
1524 1525
1526 1530
1434 1533
1451 1539
1498 1557
1556 1560
1552 1568
1553 1575
1636 1643
1644 1653
1243 -1
