1261 1304
1288 1308
1308 1313
1313 1315
1311 1319
1303 1322
1306 1330
1288 1332
1306 1332
1286 1341
1345 1346
1342 1346
1344 1348
1314 1348
1346 1350
1339 1358
1291 1361
1321 1368
1359 1370
1359 1370
1337 1373
1362 1374
1349 1376
1373 1376
1373 1377
1379 1380
1377 1384
1259 1387
1365 1392
1376 1392
1327 1394
1403 1404
1374 1405
1386 1407
1282 1409
1389 1413
1399 1428
1409 1430
1425 1453
1330 1453
1449 1465
1455 1467
1468 1469
1466 1475
1419 1476
1473 1485
1448 1485
1473 1486
1359 1488
1345 1501
1503 1507
1423 1509
1492 1512
1503 1514
1518 1521
1520 1524
1522 1524
1526 1527
1470 1528
1530 1534
1436 1534
1444 1534
1532 1540
1493 1556
1559 1561
1546 1566
1555 1572
1672 1676
1684 1696
1235 -1
