1334 1338
1350 1351
1369 1372
1366 1373
1370 1374
1351 1374
1379 1384
1386 1393
1386 1394
1394 1397
1389 1399
1393 1399
1397 1407
1407 1416
1413 1418
1383 1419
1414 1419
1425 1426
1423 1428
1429 1436
1420 1438
1417 1438
1421 1438
1426 1438
1436 1438
1435 1440
1381 1440
1421 1443
1443 1444
1447 1448
1446 1450
1446 1452
1461 1462
1462 1463
1456 1463
1455 1466
1425 1467
1468 1470
1484 1485
1459 1487
1487 1488
1498 1499
1492 1503
1503 1504
1502 1508
1461 1508
1499 1516
1517 1519
1523 1525
1526 1527
1523 1537
1538 1540
1536 1541
1535 1545
1540 1545
1544 1548
1559 1566
1567 1571
1554 1572
1587 1589
1568 1594
1412 -1
1412 -1
1420 -1
1467 -1
1489 -1
1505 -1
1510 -1
1516 -1
1534 -1
