1336 1352
1365 1367
1367 1377
1378 1381
1387 1391
1395 1396
1394 1396
1399 1406
1355 1408
1404 1418
1410 1419
1419 1420
1419 1421
1425 1427
1425 1427
1396 1428
1428 1430
1385 1430
1427 1432
1430 1433
1428 1435
1424 1435
1393 1436
1427 1438
1384 1442
1443 1445
1368 1446
1412 1450
1419 1450
1448 1452
1424 1453
1440 1453
1426 1463
1465 1466
1468 1475
1469 1476
1480 1486
1477 1486
1484 1487
1485 1487
1481 1495
1462 1496
1472 1496
1491 1497
1494 1498
1495 1499
1437 1505
1518 1519
1519 1521
1509 1524
1513 1524
1512 1525
1520 1526
1527 1528
1527 1528
1525 1528
1530 1531
1512 1532
1531 1533
1541 1542
1537 1544
1545 1546
1543 1547
1545 1548
1545 1548
1549 1550
1544 1556
1557 1558
1551 1564
1558 1564
1411 -1
1424 -1
1426 -1
1452 -1
1488 -1
1521 -1
1524 -1
1526 -1
1542 -1
