1302 1310
1278 1319
1273 1321
1325 1334
1335 1336
1308 1336
1330 1338
1340 1344
1344 1346
1341 1349
1313 1349
1303 1352
1309 1355
1357 1359
1335 1360
1360 1362
1325 1363
1367 1369
1356 1371
1358 1372
1367 1372
1364 1373
1365 1373
1292 1376
1351 1384
1278 1390
1384 1393
1389 1400
1398 1402
1400 1403
1316 1405
1400 1406
1408 1409
1372 1410
1406 1410
1396 1410
1280 1412
1416 1417
1422 1442
1437 1443
1347 1457
1435 1460
1469 1472
1464 1475
1354 1481
1481 1483
1434 1484
1472 1485
1463 1491
1458 1491
1492 1499
1465 1505
1414 1507
1343 1507
1508 1511
1490 1516
1502 1517
1519 1522
1521 1525
1532 1534
1409 1538
1452 1538
1551 1553
1506 1555
1545 1557
1559 1587
1675 1676
1690 1695
1267 -1
