1319 1337
1379 1380
1368 1383
1353 1383
1385 1388
1390 1391
1392 1394
1393 1397
1400 1401
1403 1406
1392 1407
1405 1407
1412 1417
1417 1418
1387 1420
1356 1423
1421 1425
1377 1425
1424 1427
1428 1429
1365 1431
1418 1433
1432 1436
1437 1441
1432 1442
1442 1443
1443 1450
1433 1451
1411 1452
1427 1453
1422 1453
1419 1458
1454 1459
1468 1469
1473 1475
1472 1477
1473 1477
1471 1478
1456 1479
1433 1479
1490 1493
1492 1497
1479 1499
1466 1506
1503 1518
1507 1520
1508 1521
1522 1523
1518 1525
1522 1526
1526 1527
1525 1527
1524 1528
1524 1530
1520 1530
1528 1530
1534 1536
1537 1538
1537 1539
1538 1540
1542 1543
1540 1543
1543 1544
1540 1547
1551 1552
1545 1553
1552 1557
1554 1560
1409 -1
1413 -1
1416 -1
1442 -1
1481 -1
1511 -1
1517 -1
1518 -1
1537 -1
