1271 1299
1265 1304
1310 1313
1281 1315
1296 1318
1280 1321
1308 1325
1317 1330
1319 1330
1330 1333
1332 1335
1331 1338
1314 1340
1341 1345
1328 1346
1325 1354
1309 1354
1280 1356
1359 1360
1360 1361
1335 1362
1361 1362
1354 1362
1350 1365
1356 1366
1361 1366
1358 1367
1307 1378
1360 1379
1371 1383
1254 1389
1387 1392
1393 1398
1272 1399
1377 1400
1382 1401
1398 1405
1390 1412
1406 1422
1423 1442
1430 1443
1339 1455
1456 1458
1447 1469
1464 1477
1338 1478
1460 1478
1465 1482
1418 1485
1492 1493
1454 1493
1337 1503
1496 1505
1422 1506
1506 1508
1502 1511
1464 1521
1519 1524
1522 1524
1444 1531
1530 1532
1421 1536
1535 1544
1470 1550
1558 1567
1535 1583
1697 1708
1706 1710
1247 -1
