1299 1315
1317 1320
1321 1325
1285 1326
1319 1327
1283 1333
1276 1334
1292 1334
1321 1336
1308 1340
1308 1341
1340 1342
1342 1353
1341 1354
1360 1364
1362 1365
1365 1369
1329 1371
1356 1373
1369 1375
1362 1376
1364 1376
1346 1379
1308 1381
1251 1383
1355 1384
1377 1388
1376 1392
1394 1400
1331 1400
1388 1403
1379 1405
1405 1407
1394 1410
1401 1410
1386 1411
1396 1412
1407 1419
1293 1424
1418 1426
1430 1450
1327 1455
1466 1469
1455 1471
1458 1472
1463 1474
1476 1477
1428 1482
1466 1482
1358 1492
1488 1494
1342 1496
1460 1497
1406 1508
1503 1508
1502 1509
1495 1517
1519 1521
1478 1521
1526 1527
1442 1532
1531 1536
1435 1540
1541 1550
1508 1556
1546 1566
1561 1572
1636 1639
1652 1666
1245 -1
