1340 1353
1358 1360
1368 1381
1383 1384
1385 1389
1349 1390
1391 1394
1391 1396
1404 1405
1402 1408
1408 1409
1401 1410
1389 1414
1382 1414
1390 1415
1413 1419
1408 1423
1368 1427
1424 1430
1377 1437
1412 1439
1429 1442
1426 1446
1437 1451
1434 1454
1408 1459
1462 1463
1458 1468
1465 1469
1472 1474
1473 1484
1477 1485
1482 1490
1441 1491
1490 1493
1457 1493
1490 1495
1493 1497
1500 1512
1498 1513
1512 1514
1522 1524
1524 1527
1527 1528
1526 1528
1529 1530
1523 1531
1538 1539
1540 1542
1542 1543
1544 1545
1547 1548
1543 1549
1549 1550
1550 1551
1553 1554
1549 1554
1555 1560
1560 1561
1557 1563
1561 1563
1563 1571
1411 -1
1413 -1
1417 -1
1452 -1
1480 -1
1503 -1
1516 -1
1521 -1
1543 -1
