1330 1345
1366 1369
1359 1374
1375 1376
1373 1379
1362 1386
1390 1391
1390 1392
1392 1394
1394 1407
1408 1409
1405 1409
1408 1409
1359 1415
1389 1417
1416 1418
1408 1423
1418 1423
1422 1426
1418 1434
1425 1435
1416 1437
1377 1438
1428 1439
1415 1440
1416 1442
1431 1442
1428 1445
1411 1448
1452 1454
1431 1458
1461 1469
1465 1469
1459 1469
1473 1474
1473 1476
1430 1480
1483 1484
1484 1486
1491 1492
1493 1497
1496 1501
1491 1501
1457 1501
1502 1508
1506 1518
1502 1519
1521 1522
1525 1527
1524 1527
1523 1527
1526 1529
1521 1529
1523 1530
1532 1536
1536 1537
1536 1537
1537 1539
1536 1541
1545 1546
1542 1548
1546 1548
1546 1548
1542 1548
1551 1552
1559 1561
1558 1567
1572 1580
1407 -1
1412 -1
1419 -1
1452 -1
1481 -1
1508 -1
1508 -1
1515 -1
1536 -1
