1264 1290
1275 1296
1297 1303
1302 1307
1303 1312
1281 1320
1303 1320
1288 1327
1312 1328
1314 1330
1330 1335
1334 1340
1335 1342
1305 1342
1338 1348
1278 1349
1300 1353
1345 1356
1352 1360
1361 1362
1356 1367
1326 1367
1364 1368
1336 1370
1369 1376
1318 1382
1389 1391
1377 1391
1378 1392
1382 1395
1392 1398
1395 1403
1256 1403
1389 1404
1379 1406
1404 1410
1263 1411
1411 1413
1433 1442
1412 1445
1325 1449
1453 1461
1458 1473
1463 1475
1415 1476
1465 1480
1344 1486
1455 1489
1489 1492
1339 1497
1491 1501
1506 1507
1429 1509
1460 1509
1514 1515
1511 1516
1513 1516
1520 1526
1439 1527
1423 1534
1530 1536
1468 1546
1530 1547
1560 1567
1537 1573
1699 1730
1255 -1
