1278 1297
1283 1299
1284 1312
1302 1313
1320 1323
1285 1329
1318 1332
1329 1336
1300 1340
1339 1341
1311 1347
1338 1350
1350 1351
1304 1353
1351 1359
1352 1362
1360 1362
1281 1364
1361 1364
1364 1370
1359 1374
1377 1379
1371 1379
1347 1382
1354 1382
1264 1385
1367 1389
1390 1394
1380 1395
1316 1397
1386 1403
1402 1405
1386 1406
1403 1409
1276 1410
1392 1412
1391 1414
1413 1414
1431 1450
1440 1452
1343 1459
1476 1480
1462 1480
1451 1483
1454 1484
1433 1485
1354 1485
1475 1487
1487 1489
1354 1498
1418 1511
1508 1511
1512 1514
1503 1515
1513 1516
1517 1521
1517 1521
1471 1522
1522 1525
1532 1535
1428 1538
1539 1541
1448 1541
1496 1553
1548 1560
1549 1584
1668 1673
1684 1686
1679 1687
1258 -1
