1349 1362
1362 1366
1373 1378
1373 1382
1365 1384
1384 1386
1396 1397
1398 1402
1401 1403
1383 1412
1399 1413
1417 1418
1369 1419
1416 1421
1416 1421
1425 1426
1426 1428
1416 1429
1426 1430
1418 1436
1421 1438
1417 1442
1433 1443
1414 1443
1444 1446
1376 1448
1422 1449
1445 1450
1443 1453
1444 1457
1437 1458
1452 1461
1453 1462
1476 1477
1476 1477
1427 1484
1490 1493
1482 1493
1499 1503
1503 1504
1463 1508
1499 1508
1504 1518
1514 1521
1521 1524
1525 1527
1528 1529
1528 1532
1538 1540
1545 1546
1546 1547
1542 1548
1552 1555
1561 1567
1554 1567
1565 1573
1575 1576
1568 1577
1417 -1
1418 -1
1429 -1
1459 -1
1481 -1
1510 -1
1515 -1
1516 -1
1531 -1
