1278 1296
1303 1312
1278 1313
1318 1319
1318 1320
1302 1326
1290 1331
1309 1332
1323 1333
1312 1335
1336 1338
1297 1342
1306 1346
1337 1348
1348 1349
1283 1352
1312 1354
1344 1355
1331 1363
1357 1364
1360 1365
1364 1367
1361 1371
1373 1374
1370 1374
1265 1382
1349 1383
1323 1386
1379 1392
1376 1394
1377 1399
1377 1403
1403 1407
1377 1409
1410 1413
1276 1414
1417 1422
1396 1428
1433 1444
1328 1452
1425 1454
1456 1473
1463 1478
1428 1478
1467 1479
1471 1485
1359 1488
1454 1489
1498 1499
1338 1505
1502 1509
1509 1510
1494 1511
1429 1513
1464 1519
1518 1520
1519 1523
1522 1524
1524 1529
1515 1531
1523 1531
1451 1533
1424 1535
1476 1543
1552 1566
1538 1579
1693 1713
1244 -1
