1330 1331
1347 1351
1360 1366
1375 1377
1377 1383
1378 1384
1386 1391
1387 1396
1388 1399
1399 1401
1399 1408
1406 1411
1425 1426
1379 1428
1418 1428
1428 1431
1432 1434
1429 1434
1431 1434
1373 1435
1428 1435
1438 1441
1437 1441
1437 1441
1430 1444
1440 1445
1424 1447
1428 1449
1446 1449
1427 1450
1437 1451
1426 1455
1448 1464
1465 1469
1471 1472
1465 1472
1486 1488
1446 1489
1490 1491
1492 1497
1485 1501
1501 1507
1462 1513
1515 1516
1517 1518
1514 1519
1512 1519
1520 1521
1509 1522
1524 1525
1525 1526
1525 1528
1534 1535
1528 1538
1536 1538
1533 1541
1540 1542
1538 1542
1540 1544
1546 1549
1560 1561
1564 1566
1565 1572
1563 1574
1568 1589
1414 -1
1414 -1
1424 -1
1466 -1
1487 -1
1510 -1
1510 -1
1516 -1
1534 -1
