1281 1288
1305 1307
1264 1307
1308 1310
1273 1311
1276 1314
1305 1314
1288 1323
1318 1324
1328 1333
1328 1341
1291 1342
1303 1343
1345 1346
1349 1354
1350 1359
1352 1359
1291 1360
1348 1363
1331 1363
1291 1365
1362 1368
1346 1371
1359 1371
1379 1384
1378 1384
1383 1387
1378 1391
1319 1398
1388 1401
1403 1404
1275 1406
1381 1410
1389 1410
1400 1413
1409 1417
1275 1418
1421 1424
1406 1430
1434 1437
1423 1438
1436 1444
1428 1447
1333 1461
1461 1471
1471 1473
1468 1479
1466 1481
1472 1483
1422 1484
1351 1489
1459 1496
1491 1503
1337 1503
1502 1511
1465 1511
1429 1512
1510 1512
1519 1524
1450 1532
1420 1537
1536 1542
1498 1561
1549 1564
1560 1589
1697 1727
1256 -1
