1344 1351
1356 1357
1359 1361
1368 1371
1373 1381
1381 1383
1382 1385
1386 1387
1389 1390
1381 1394
1381 1394
1394 1395
1390 1395
1394 1399
1400 1403
1394 1408
1401 1411
1378 1416
1419 1420
1413 1422
1366 1427
1424 1429
1425 1429
1428 1430
1422 1435
1432 1436
1433 1437
1432 1439
1416 1440
1423 1445
1434 1445
1415 1449
1440 1451
1454 1455
1458 1459
1455 1460
1471 1474
1472 1476
1471 1477
1453 1478
1489 1491
1458 1500
1498 1504
1488 1504
1515 1519
1519 1521
1521 1522
1511 1524
1528 1529
1523 1529
1517 1529
1526 1529
1528 1530
1523 1530
1540 1542
1543 1544
1533 1544
1538 1544
1540 1549
1556 1559
1559 1564
1549 1568
1575 1581
1576 1589
1411 -1
1415 -1
1419 -1
1456 -1
1492 -1
1511 -1
1512 -1
1517 -1
1536 -1
