1269 1315
1277 1318
1312 1318
1305 1322
1314 1328
1311 1331
1332 1341
1326 1343
1349 1350
1345 1350
1348 1352
1313 1354
1299 1355
1295 1357
1343 1360
1347 1363
1291 1370
1354 1371
1344 1373
1355 1375
1369 1377
1377 1379
1370 1380
1325 1384
1387 1388
1380 1392
1277 1397
1366 1399
1391 1403
1393 1409
1397 1410
1411 1415
1395 1417
1416 1417
1419 1421
1298 1424
1430 1442
1445 1453
1332 1461
1438 1464
1456 1467
1468 1473
1423 1481
1349 1484
1472 1484
1468 1488
1485 1488
1456 1497
1339 1503
1410 1511
1498 1511
1506 1512
1501 1513
1468 1514
1514 1515
1510 1515
1514 1519
1523 1527
1454 1535
1420 1539
1538 1543
1540 1551
1552 1553
1505 1556
1557 1559
1575 1596
1649 1657
1670 1675
1263 -1
