1291 1293
1307 1308
1312 1313
1283 1313
1296 1319
1321 1323
1311 1330
1329 1331
1293 1333
1334 1335
1308 1335
1292 1335
1329 1342
1340 1343
1330 1354
1345 1356
1308 1356
1292 1360
1360 1361
1361 1362
1318 1362
1349 1367
1364 1371
1353 1372
1365 1374
1369 1375
1345 1376
1374 1377
1339 1379
1381 1383
1328 1384
1369 1393
1393 1394
1379 1396
1282 1398
1382 1398
1385 1403
1387 1404
1388 1408
1410 1412
1291 1419
1409 1419
1416 1421
1439 1449
1455 1456
1424 1457
1323 1459
1462 1469
1456 1469
1418 1474
1461 1480
1481 1483
1474 1487
1346 1488
1489 1495
1344 1496
1457 1496
1427 1507
1504 1507
1504 1510
1495 1511
1509 1514
1514 1519
1518 1521
1468 1523
1454 1531
1422 1532
1534 1539
1535 1541
1526 1548
1482 1549
1561 1567
1533 1573
1694 1719
1240 -1
