1349 1351
1354 1356
1362 1363
1356 1379
1389 1392
1393 1398
1394 1401
1392 1401
1392 1403
1403 1408
1395 1412
1413 1414
1382 1424
1423 1427
1420 1429
1423 1433
1423 1433
1416 1434
1429 1436
1427 1436
1430 1437
1413 1439
1420 1440
1441 1446
1422 1446
1376 1453
1442 1454
1456 1457
1448 1457
1453 1458
1455 1459
1458 1459
1435 1479
1491 1494
1493 1494
1495 1499
1500 1507
1474 1512
1512 1513
1507 1514
1514 1516
1516 1518
1513 1519
1507 1519
1526 1528
1525 1532
1541 1544
1542 1546
1546 1548
1554 1555
1555 1556
1555 1557
1558 1560
1561 1569
1566 1590
1413 -1
1414 -1
1420 -1
1476 -1
1487 -1
1505 -1
1516 -1
1519 -1
1539 -1
