1297 1306
1277 1308
1299 1309
1268 1311
1307 1313
1316 1318
1302 1321
1314 1324
1326 1327
1291 1328
1329 1330
1307 1336
1340 1342
1344 1346
1337 1346
1293 1348
1335 1357
1357 1359
1310 1359
1357 1360
1323 1360
1362 1363
1353 1363
1363 1364
1295 1366
1362 1367
1358 1368
1347 1371
1373 1377
1359 1382
1316 1382
1264 1384
1388 1395
1375 1399
1369 1400
1395 1400
1400 1401
1396 1402
1387 1404
1280 1409
1395 1414
1405 1426
1412 1439
1427 1451
1335 1453
1442 1455
1447 1469
1460 1472
1417 1474
1464 1480
1358 1486
1471 1486
1453 1489
1494 1495
1337 1498
1434 1501
1506 1509
1500 1511
1500 1511
1513 1514
1460 1514
1514 1517
1516 1523
1518 1529
1427 1531
1429 1531
1527 1531
1495 1550
1552 1568
1532 1575
1701 1702
1685 1710
1250 -1
