1355 1357
1391 1395
1385 1395
1378 1396
1396 1397
1393 1401
1406 1413
1418 1420
1419 1422
1405 1424
1415 1434
1418 1436
1432 1439
1430 1442
1414 1443
1442 1443
1442 1443
1443 1444
1383 1446
1432 1448
1443 1452
1441 1454
1445 1457
1461 1464
1462 1464
1431 1465
1461 1465
1394 1473
1460 1478
1470 1481
1488 1490
1489 1490
1486 1490
1429 1491
1472 1498
1495 1505
1510 1511
1466 1511
1509 1513
1508 1514
1512 1521
1522 1526
1531 1538
1540 1541
1541 1542
1537 1544
1543 1547
1551 1553
1555 1556
1555 1558
1559 1561
1550 1563
1570 1577
1570 1580
1581 1583
1567 1587
1596 1604
1408 -1
1415 -1
1428 -1
1479 -1
1490 -1
1507 -1
1516 -1
1516 -1
1537 -1
