1295 1306
1307 1310
1276 1310
1268 1317
1314 1318
1260 1328
1312 1333
1308 1336
1293 1338
1331 1340
1302 1347
1317 1355
1356 1357
1360 1361
1347 1362
1359 1365
1361 1365
1354 1366
1337 1368
1356 1369
1348 1369
1291 1373
1371 1373
1375 1376
1374 1376
1376 1380
1347 1382
1371 1388
1259 1391
1385 1391
1378 1391
1394 1396
1309 1397
1396 1403
1397 1404
1396 1408
1402 1410
1271 1414
1374 1415
1415 1428
1413 1430
1432 1453
1342 1455
1452 1463
1461 1467
1468 1476
1464 1482
1363 1483
1424 1485
1456 1488
1453 1491
1489 1493
1354 1495
1504 1509
1503 1510
1402 1512
1497 1513
1512 1514
1477 1515
1443 1526
1526 1529
1523 1532
1422 1534
1545 1557
1522 1563
1563 1566
1552 1568
1571 1583
1621 1635
1645 1660
1234 -1
