1340 1348
1363 1365
1371 1372
1359 1375
1373 1386
1383 1397
1393 1398
1402 1406
1381 1408
1392 1409
1404 1418
1417 1418
1421 1423
1368 1425
1423 1427
1420 1427
1413 1431
1413 1431
1426 1434
1422 1435
1379 1435
1440 1441
1428 1443
1419 1446
1418 1447
1448 1462
1461 1466
1470 1472
1483 1485
1439 1487
1484 1490
1468 1499
1498 1500
1497 1502
1504 1506
1509 1510
1508 1516
1503 1518
1524 1526
1522 1533
1529 1533
1532 1534
1541 1542
1543 1544
1547 1548
1547 1550
1543 1550
1551 1552
1551 1553
1555 1556
1559 1562
1557 1564
1575 1581
1570 1582
1405 -1
1410 -1
1417 -1
1460 -1
1485 -1
1510 -1
1511 -1
1517 -1
1542 -1
