1354 1362
1371 1373
1373 1379
1367 1379
1373 1384
1381 1384
1384 1386
1387 1388
1390 1393
1381 1399
1400 1403
1377 1404
1410 1412
1413 1415
1414 1415
1414 1417
1412 1417
1413 1419
1414 1420
1407 1421
1373 1421
1424 1435
1413 1437
1375 1438
1436 1440
1431 1442
1417 1443
1440 1444
1428 1450
1410 1450
1454 1455
1446 1459
1464 1466
1472 1473
1470 1475
1426 1478
1482 1486
1481 1488
1489 1493
1463 1504
1509 1517
1505 1518
1505 1518
1519 1521
1523 1524
1517 1527
1525 1528
1523 1528
1527 1531
1543 1544
1542 1545
1544 1545
1548 1549
1544 1549
1555 1559
1556 1561
1554 1564
1575 1576
1567 1576
1406 -1
1407 -1
1413 -1
1465 -1
1487 -1
1505 -1
1513 -1
1515 -1
1530 -1
