1298 1300
1257 1302
1303 1305
1305 1308
1300 1308
1313 1314
1280 1314
1298 1316
1315 1321
1287 1323
1316 1333
1311 1333
1306 1334
1333 1337
1337 1339
1346 1349
1335 1353
1313 1354
1339 1354
1307 1354
1353 1359
1355 1360
1291 1360
1297 1365
1355 1365
1347 1368
1362 1368
1369 1375
1370 1376
1314 1377
1372 1378
1368 1379
1377 1382
1263 1390
1383 1402
1384 1403
1400 1403
1404 1406
1372 1407
1404 1417
1272 1417
1416 1418
1398 1421
1405 1428
1411 1437
1432 1452
1330 1455
1449 1460
1457 1467
1450 1478
1470 1478
1471 1480
1419 1481
1470 1482
1448 1485
1347 1486
1338 1496
1504 1509
1466 1513
1510 1515
1500 1519
1433 1521
1519 1521
1524 1528
1529 1532
1419 1537
1444 1539
1547 1550
1489 1555
1558 1573
1549 1588
1707 1710
1694 1716
1250 -1
