1289 1302
1272 1314
1307 1315
1300 1315
1271 1316
1310 1319
1331 1334
1306 1342
1342 1344
1339 1344
1301 1346
1304 1353
1319 1354
1352 1360
1356 1361
1334 1362
1364 1365
1360 1365
1366 1367
1361 1370
1357 1370
1342 1371
1291 1373
1361 1373
1377 1378
1374 1381
1277 1392
1312 1394
1383 1396
1398 1403
1403 1406
1365 1409
1399 1413
1402 1413
1408 1414
1277 1415
1426 1439
1443 1449
1432 1452
1341 1459
1456 1463
1470 1473
1354 1484
1434 1484
1471 1486
1485 1489
1460 1489
1451 1490
1486 1491
1335 1497
1414 1511
1504 1511
1489 1512
1470 1514
1514 1518
1447 1524
1423 1534
1534 1537
1500 1558
1552 1563
1561 1565
1572 1582
1682 1683
1687 1697
1253 -1
