1280 1301
1310 1313
1305 1314
1309 1318
1285 1320
1288 1326
1306 1326
1318 1331
1299 1338
1337 1338
1329 1346
1348 1350
1301 1352
1351 1357
1335 1361
1357 1361
1301 1363
1348 1366
1344 1367
1342 1368
1289 1370
1370 1371
1360 1373
1365 1374
1369 1378
1378 1380
1324 1381
1375 1382
1381 1384
1382 1395
1371 1397
1273 1402
1390 1402
1392 1406
1287 1408
1398 1410
1392 1410
1408 1410
1404 1416
1438 1447
1425 1451
1325 1454
1462 1467
1466 1479
1464 1481
1417 1485
1347 1488
1481 1492
1488 1492
1492 1493
1331 1494
1457 1499
1500 1504
1416 1513
1500 1514
1513 1518
1519 1520
1479 1522
1523 1525
1448 1536
1536 1537
1420 1541
1537 1542
1551 1557
1548 1557
1485 1558
1561 1564
1549 1592
1718 1738
1261 -1
