1333 1345
1356 1359
1359 1374
1374 1375
1388 1389
1390 1393
1349 1397
1403 1411
1412 1414
1413 1415
1398 1415
1412 1416
1404 1418
1417 1419
1420 1421
1419 1422
1361 1424
1420 1425
1421 1425
1388 1425
1427 1430
1398 1430
1427 1437
1436 1441
1441 1444
1380 1447
1433 1448
1422 1451
1448 1451
1410 1452
1439 1454
1421 1456
1466 1467
1471 1472
1471 1472
1465 1473
1427 1473
1481 1483
1474 1484
1476 1484
1490 1493
1492 1496
1482 1502
1472 1506
1509 1526
1513 1526
1525 1528
1521 1529
1527 1529
1525 1529
1528 1529
1529 1530
1527 1531
1530 1531
1530 1531
1530 1531
1516 1532
1541 1548
1552 1553
1552 1553
1553 1555
1551 1557
1551 1558
1410 -1
1410 -1
1419 -1
1452 -1
1482 -1
1509 -1
1516 -1
1524 -1
1537 -1
