1268 1308
1307 1310
1302 1316
1281 1316
1319 1320
1293 1321
1309 1322
1282 1325
1316 1326
1299 1336
1298 1349
1350 1351
1352 1353
1310 1353
1349 1356
1358 1360
1349 1364
1336 1367
1361 1371
1295 1371
1366 1371
1365 1372
1363 1375
1350 1378
1268 1381
1379 1386
1323 1389
1389 1396
1375 1402
1401 1403
1402 1404
1383 1406
1406 1407
1402 1408
1271 1409
1389 1412
1384 1421
1401 1430
1402 1431
1421 1431
1431 1438
1433 1453
1323 1453
1447 1458
1450 1476
1469 1477
1468 1478
1467 1479
1350 1486
1425 1486
1484 1487
1462 1489
1347 1501
1422 1508
1501 1509
1490 1510
1515 1516
1466 1517
1515 1519
1522 1524
1443 1529
1520 1531
1531 1534
1432 1541
1492 1558
1548 1563
1540 1572
1684 1685
1678 1714
1249 -1
