1289 1313
1299 1315
1274 1316
1306 1318
1312 1319
1278 1323
1320 1331
1305 1331
1342 1344
1346 1347
1344 1348
1308 1348
1344 1352
1292 1356
1351 1357
1342 1361
1358 1362
1349 1363
1360 1365
1313 1365
1362 1365
1367 1368
1295 1369
1339 1371
1347 1374
1366 1374
1266 1386
1379 1386
1310 1388
1380 1390
1367 1397
1397 1399
1397 1401
1374 1403
1286 1408
1391 1409
1396 1412
1405 1426
1408 1427
1416 1441
1435 1449
1333 1452
1461 1464
1458 1468
1463 1474
1452 1475
1465 1481
1429 1483
1355 1490
1457 1491
1341 1498
1423 1507
1502 1511
1491 1515
1453 1515
1515 1516
1518 1522
1438 1529
1523 1531
1413 1535
1530 1536
1486 1550
1541 1558
1541 1576
1697 1699
1690 1714
1248 -1
