1292 1305
1263 1307
1303 1308
1284 1318
1309 1325
1279 1326
1325 1328
1307 1328
1286 1331
1321 1332
1306 1335
1348 1350
1352 1354
1352 1355
1354 1362
1297 1366
1369 1370
1347 1371
1367 1371
1324 1371
1354 1372
1364 1373
1373 1374
1369 1375
1335 1376
1367 1379
1348 1379
1377 1391
1332 1393
1391 1393
1255 1395
1376 1399
1383 1400
1380 1402
1393 1402
1401 1413
1397 1415
1283 1415
1408 1424
1424 1448
1321 1456
1451 1466
1467 1470
1456 1473
1469 1479
1425 1481
1468 1481
1473 1484
1490 1492
1456 1494
1359 1495
1340 1496
1505 1506
1508 1510
1426 1513
1496 1517
1518 1521
1512 1522
1471 1523
1523 1524
1522 1524
1520 1525
1525 1529
1429 1535
1444 1537
1554 1557
1499 1561
1550 1568
1552 1573
1660 1677
1673 1686
1236 -1
