1347 1356
1363 1364
1363 1365
1373 1374
1355 1378
1380 1382
1382 1383
1377 1390
1390 1394
1396 1398
1398 1400
1401 1403
1380 1408
1407 1408
1412 1413
1408 1413
1396 1414
1391 1416
1417 1418
1411 1419
1418 1421
1407 1421
1417 1428
1374 1430
1419 1436
1435 1436
1432 1438
1373 1439
1414 1440
1425 1443
1434 1446
1403 1446
1449 1450
1446 1450
1434 1456
1463 1464
1462 1464
1464 1468
1468 1473
1480 1484
1483 1487
1435 1487
1487 1490
1489 1490
1469 1492
1493 1496
1496 1497
1502 1503
1507 1517
1509 1520
1521 1523
1519 1525
1521 1526
1525 1526
1525 1527
1527 1530
1533 1535
1529 1536
1538 1540
1542 1543
1543 1544
1546 1547
1543 1547
1557 1563
1556 1566
1563 1574
1406 -1
1408 -1
1415 -1
1464 -1
1490 -1
1511 -1
1518 -1
1519 -1
1537 -1
