1271 1281
1271 1288
1291 1292
1276 1303
1314 1321
1319 1321
1325 1327
1323 1328
1325 1328
1295 1329
1284 1330
1307 1330
1323 1333
1346 1347
1291 1351
1307 1351
1351 1352
1355 1360
1350 1361
1286 1361
1332 1361
1316 1361
1362 1363
1359 1369
1367 1373
1358 1374
1362 1374
1341 1378
1356 1380
1333 1382
1376 1384
1384 1386
1378 1390
1385 1390
1393 1394
1369 1397
1387 1399
1267 1404
1284 1404
1400 1405
1394 1412
1417 1418
1418 1421
1442 1447
1420 1454
1319 1457
1460 1461
1423 1475
1464 1479
1471 1481
1473 1482
1481 1488
1352 1490
1481 1491
1448 1493
1330 1501
1505 1507
1504 1510
1496 1513
1464 1515
1431 1517
1516 1519
1419 1521
1523 1534
1440 1535
1526 1542
1540 1544
1484 1552
1560 1563
1534 1574
1701 1720
1247 -1
