1296 1300
1282 1312
1270 1314
1313 1315
1296 1315
1303 1316
1320 1321
1285 1327
1317 1339
1316 1340
1295 1345
1346 1347
1341 1351
1318 1353
1354 1355
1353 1357
1354 1358
1360 1361
1336 1365
1357 1365
1362 1365
1354 1370
1289 1370
1370 1372
1369 1372
1258 1378
1353 1381
1312 1381
1391 1394
1378 1398
1389 1398
1398 1401
1271 1401
1398 1401
1376 1403
1386 1404
1392 1405
1401 1423
1408 1429
1430 1452
1336 1453
1444 1455
1453 1461
1461 1472
1467 1474
1422 1476
1457 1479
1364 1486
1472 1488
1457 1490
1334 1497
1498 1507
1506 1508
1422 1511
1503 1511
1509 1513
1459 1514
1518 1521
1518 1522
1521 1523
1517 1525
1523 1526
1439 1528
1424 1537
1486 1549
1549 1562
1538 1576
1694 1698
1696 1698
1689 1701
1247 -1
