1294 1309
1276 1317
1320 1325
1308 1327
1289 1328
1287 1330
1309 1331
1308 1337
1310 1339
1334 1340
1276 1340
1346 1349
1343 1350
1346 1352
1313 1359
1358 1361
1293 1361
1360 1361
1353 1362
1346 1365
1351 1376
1353 1378
1364 1379
1361 1380
1254 1385
1389 1390
1384 1392
1392 1393
1383 1396
1328 1402
1384 1402
1386 1404
1405 1406
1405 1408
1380 1412
1288 1415
1401 1416
1400 1419
1420 1428
1422 1445
1332 1454
1457 1467
1457 1468
1455 1471
1466 1481
1477 1484
1435 1484
1477 1486
1355 1488
1339 1495
1457 1496
1405 1506
1494 1513
1509 1513
1516 1519
1510 1520
1474 1523
1526 1531
1529 1533
1531 1534
1446 1534
1432 1538
1501 1553
1555 1557
1550 1568
1553 1570
1640 1641
1657 1675
1237 -1
