1359 1360
1357 1383
1391 1393
1391 1395
1389 1396
1396 1404
1386 1410
1395 1412
1412 1413
1423 1426
1428 1429
1427 1432
1379 1432
1424 1435
1419 1437
1415 1437
1429 1438
1436 1440
1434 1444
1427 1445
1369 1449
1429 1449
1434 1452
1450 1453
1456 1457
1457 1458
1455 1464
1453 1465
1434 1472
1449 1484
1489 1495
1468 1495
1495 1502
1498 1506
1508 1511
1507 1511
1511 1513
1507 1517
1517 1521
1520 1523
1524 1527
1531 1533
1538 1540
1542 1543
1541 1543
1542 1544
1531 1545
1554 1557
1558 1559
1558 1568
1563 1571
1587 1589
1564 1589
1589 1595
1411 -1
1417 -1
1419 -1
1469 -1
1484 -1
1498 -1
1508 -1
1516 -1
1530 -1
