1284 1288
1282 1301
1282 1305
1313 1316
1310 1320
1313 1320
1312 1322
1310 1326
1295 1329
1308 1332
1293 1333
1297 1346
1308 1347
1346 1348
1331 1350
1350 1355
1349 1356
1350 1357
1357 1358
1289 1362
1350 1366
1358 1366
1354 1367
1365 1367
1340 1368
1365 1374
1374 1375
1373 1384
1342 1387
1323 1388
1376 1390
1378 1391
1281 1398
1381 1400
1386 1405
1404 1407
1408 1410
1277 1412
1410 1412
1412 1413
1395 1414
1436 1445
1330 1452
1428 1457
1457 1462
1460 1472
1461 1483
1421 1484
1484 1485
1474 1486
1353 1489
1460 1495
1335 1496
1493 1500
1504 1506
1497 1508
1433 1515
1499 1515
1519 1522
1518 1522
1474 1522
1448 1531
1528 1534
1425 1536
1542 1547
1479 1547
1543 1549
1566 1573
1532 1577
1698 1720
1254 -1
