1294 1298
1285 1310
1314 1315
1282 1315
1285 1318
1321 1322
1319 1323
1321 1329
1311 1330
1298 1336
1315 1341
1344 1345
1296 1347
1349 1350
1349 1351
1350 1351
1343 1353
1327 1355
1355 1358
1349 1360
1317 1361
1338 1364
1280 1367
1357 1372
1352 1372
1366 1372
1346 1378
1375 1379
1324 1379
1381 1385
1380 1386
1388 1391
1386 1391
1390 1391
1374 1396
1392 1397
1280 1400
1292 1404
1388 1404
1402 1406
1394 1415
1413 1417
1439 1446
1420 1449
1451 1454
1331 1460
1462 1474
1418 1476
1464 1482
1476 1487
1487 1492
1354 1494
1491 1496
1452 1496
1328 1498
1506 1508
1500 1510
1507 1511
1426 1513
1512 1513
1499 1517
1468 1517
1518 1519
1423 1528
1518 1531
1519 1531
1439 1538
1474 1542
1543 1549
1535 1571
1569 1572
1692 1718
1251 -1
