1351 1353
1358 1371
1367 1372
1374 1375
1373 1375
1384 1387
1392 1396
1399 1403
1407 1412
1390 1412
1401 1417
1399 1419
1422 1428
1427 1429
1418 1431
1387 1435
1429 1436
1430 1438
1433 1440
1382 1441
1420 1442
1436 1444
1436 1444
1448 1449
1433 1451
1433 1454
1427 1454
1452 1460
1466 1467
1469 1475
1475 1480
1489 1490
1490 1494
1455 1494
1502 1505
1497 1505
1505 1507
1509 1510
1473 1516
1510 1518
1518 1519
1508 1519
1523 1524
1525 1526
1522 1526
1527 1529
1529 1530
1526 1537
1535 1546
1549 1550
1550 1554
1551 1559
1560 1562
1560 1562
1557 1569
1561 1579
1585 1586
1413 -1
1413 -1
1426 -1
1466 -1
1490 -1
1514 -1
1523 -1
1523 -1
1539 -1
