1280 1315
1314 1323
1312 1329
1297 1332
1326 1333
1328 1334
1260 1339
1337 1342
1318 1346
1326 1350
1312 1353
1351 1355
1293 1360
1364 1365
1362 1366
1361 1368
1361 1371
1341 1374
1294 1375
1352 1375
1327 1375
1351 1377
1356 1377
1356 1379
1379 1381
1377 1382
1373 1383
1262 1385
1371 1389
1376 1390
1382 1390
1392 1395
1326 1403
1383 1404
1399 1409
1400 1412
1409 1415
1289 1419
1391 1432
1435 1436
1341 1446
1436 1463
1467 1469
1461 1473
1461 1477
1468 1481
1459 1483
1434 1485
1367 1489
1350 1497
1465 1505
1394 1509
1509 1510
1511 1516
1494 1518
1472 1519
1518 1520
1455 1524
1526 1531
1532 1535
1434 1537
1546 1553
1541 1557
1517 1566
1566 1577
1544 1577
1583 1591
1625 1634
1239 -1
