1357 1359
1388 1394
1362 1394
1397 1408
1406 1408
1406 1409
1406 1411
1396 1416
1415 1417
1413 1418
1404 1422
1405 1427
1435 1436
1424 1437
1418 1439
1443 1444
1427 1445
1436 1448
1385 1448
1388 1450
1437 1451
1450 1456
1451 1460
1459 1466
1465 1466
1459 1467
1454 1476
1429 1479
1477 1480
1486 1488
1485 1488
1492 1495
1495 1496
1451 1497
1495 1500
1498 1500
1474 1506
1515 1516
1512 1517
1514 1517
1513 1518
1515 1519
1519 1520
1508 1520
1515 1521
1519 1531
1534 1536
1538 1541
1542 1543
1539 1543
1546 1549
1552 1555
1547 1558
1562 1564
1559 1569
1561 1590
1590 1596
1411 -1
1412 -1
1425 -1
1474 -1
1485 -1
1505 -1
1514 -1
1515 -1
1532 -1
