1289 1294
1302 1316
1267 1318
1312 1318
1324 1328
1330 1333
1269 1334
1313 1346
1345 1351
1286 1353
1314 1354
1350 1355
1316 1368
1367 1368
1350 1368
1355 1370
1354 1371
1356 1378
1378 1379
1381 1383
1373 1384
1379 1384
1283 1389
1388 1389
1366 1390
1380 1390
1356 1391
1382 1393
1384 1395
1328 1399
1401 1403
1289 1404
1277 1414
1400 1414
1407 1415
1392 1417
1419 1421
1408 1422
1418 1435
1434 1450
1430 1454
1344 1458
1456 1462
1462 1474
1459 1477
1426 1484
1462 1489
1364 1490
1469 1493
1343 1496
1395 1510
1510 1511
1504 1514
1492 1516
1515 1516
1470 1517
1458 1531
1529 1534
1533 1536
1427 1538
1536 1542
1547 1552
1546 1556
1554 1557
1506 1558
1573 1587
1244 -1
