1284 1293
1283 1310
1309 1311
1294 1317
1308 1323
1317 1328
1275 1329
1295 1333
1327 1335
1321 1339
1329 1340
1349 1350
1348 1351
1321 1355
1341 1356
1352 1357
1298 1359
1354 1360
1351 1363
1287 1363
1365 1366
1365 1367
1361 1367
1324 1369
1321 1370
1363 1371
1361 1375
1378 1380
1351 1382
1363 1384
1383 1390
1334 1392
1392 1394
1367 1395
1385 1397
1278 1401
1389 1402
1301 1407
1394 1416
1416 1446
1438 1447
1454 1457
1336 1458
1462 1476
1463 1477
1425 1482
1475 1487
1342 1487
1482 1489
1453 1494
1341 1502
1502 1505
1432 1508
1511 1517
1513 1518
1507 1520
1472 1521
1508 1531
1525 1534
1424 1537
1449 1539
1536 1539
1482 1547
1560 1565
1530 1576
1690 1718
1236 -1
