1260 1284
1286 1303
1302 1304
1304 1309
1304 1314
1291 1323
1314 1323
1312 1328
1289 1333
1315 1340
1339 1343
1342 1343
1340 1344
1306 1346
1351 1352
1303 1358
1282 1359
1347 1360
1332 1361
1356 1364
1352 1372
1357 1373
1341 1376
1369 1376
1362 1379
1378 1380
1315 1381
1388 1390
1381 1390
1378 1393
1392 1394
1249 1396
1381 1397
1376 1398
1394 1400
1381 1402
1268 1402
1404 1406
1401 1408
1405 1410
1410 1411
1398 1422
1421 1426
1420 1444
1436 1447
1325 1452
1450 1465
1462 1474
1464 1476
1462 1476
1413 1479
1346 1489
1486 1489
1487 1492
1452 1492
1498 1500
1502 1504
1497 1505
1340 1508
1461 1508
1513 1515
1435 1516
1509 1516
1522 1523
1525 1527
1527 1530
1527 1532
1415 1534
1446 1537
1524 1539
1474 1555
1562 1566
1539 1577
1699 1706
1695 1713
1246 -1
