1342 1357
1376 1379
1370 1381
1381 1382
1383 1384
1386 1389
1369 1389
1400 1406
1383 1414
1399 1417
1369 1419
1418 1421
1418 1421
1413 1428
1428 1430
1421 1435
1428 1435
1424 1438
1436 1444
1427 1445
1412 1447
1374 1450
1446 1451
1428 1452
1449 1453
1422 1456
1462 1464
1446 1464
1443 1465
1460 1466
1467 1470
1471 1478
1480 1483
1434 1486
1485 1487
1492 1495
1480 1497
1496 1497
1492 1498
1504 1505
1465 1514
1508 1520
1514 1523
1507 1524
1519 1529
1527 1529
1527 1531
1532 1533
1528 1533
1529 1535
1534 1536
1538 1540
1543 1546
1546 1547
1543 1550
1551 1555
1554 1557
1554 1560
1553 1563
1570 1579
1708 1709
1415 -1
1417 -1
1428 -1
1456 -1
1487 -1
1506 -1
1513 -1
1513 -1
1533 -1
