1348 1353
1374 1376
1371 1377
1375 1378
1363 1390
1395 1396
1383 1397
1396 1400
1398 1407
1415 1416
1387 1416
1417 1418
1419 1420
1420 1421
1419 1421
1420 1422
1414 1422
1397 1423
1376 1428
1427 1429
1424 1429
1423 1429
1422 1431
1416 1433
1374 1435
1423 1438
1424 1439
1431 1444
1417 1447
1382 1450
1414 1451
1451 1452
1457 1466
1461 1466
1465 1474
1482 1483
1478 1484
1485 1486
1486 1489
1485 1491
1490 1493
1465 1496
1489 1498
1492 1498
1497 1503
1455 1506
1510 1511
1510 1513
1504 1513
1485 1514
1501 1514
1510 1514
1526 1530
1533 1534
1528 1537
1531 1538
1540 1542
1544 1545
1546 1549
1547 1551
1549 1552
1547 1552
1546 1557
1557 1560
1559 1566
1568 1569
1566 1575
1568 1576
1413 -1
1416 -1
1416 -1
1454 -1
1493 -1
1499 -1
1513 -1
1516 -1
1537 -1
