1333 1344
1382 1383
1375 1385
1381 1386
1393 1396
1395 1396
1395 1397
1397 1398
1362 1399
1414 1415
1414 1416
1415 1418
1389 1421
1421 1422
1398 1422
1421 1425
1419 1425
1430 1431
1378 1432
1431 1433
1434 1435
1418 1435
1378 1440
1432 1443
1369 1443
1443 1447
1444 1448
1429 1449
1414 1450
1425 1450
1444 1455
1444 1460
1427 1469
1463 1469
1470 1472
1469 1476
1477 1478
1472 1481
1475 1482
1483 1487
1479 1491
1488 1492
1485 1494
1494 1495
1445 1495
1491 1495
1497 1498
1469 1507
1508 1510
1510 1511
1502 1514
1505 1514
1504 1517
1516 1521
1520 1522
1522 1523
1524 1525
1521 1534
1532 1534
1536 1537
1537 1539
1542 1543
1542 1544
1542 1544
1545 1549
1548 1549
1542 1552
1556 1559
1567 1568
1553 1568
1414 -1
1420 -1
1432 -1
1454 -1
1484 -1
1512 -1
1518 -1
1522 -1
1535 -1
