1306 1307
1298 1309
1320 1322
1261 1326
1261 1333
1339 1345
1317 1345
1283 1348
1344 1353
1342 1358
1315 1358
1354 1360
1313 1367
1365 1369
1356 1369
1365 1371
1342 1371
1354 1373
1376 1378
1378 1380
1358 1381
1378 1384
1287 1384
1316 1385
1378 1387
1380 1389
1373 1391
1395 1398
1393 1400
1403 1404
1286 1404
1404 1410
1406 1413
1409 1416
1410 1422
1274 1424
1388 1434
1435 1449
1429 1451
1341 1455
1449 1457
1462 1468
1468 1469
1433 1479
1466 1479
1363 1485
1464 1491
1460 1492
1340 1495
1463 1505
1508 1509
1508 1510
1493 1513
1509 1516
1515 1518
1513 1518
1409 1519
1427 1530
1529 1531
1455 1531
1531 1535
1535 1543
1508 1561
1541 1572
1563 1572
1580 1595
1633 1639
1242 -1
