1339 1340
1340 1341
1362 1372
1371 1376
1376 1377
1379 1381
1386 1387
1389 1390
1389 1391
1392 1393
1386 1393
1392 1396
1381 1399
1397 1401
1405 1407
1403 1407
1376 1412
1397 1417
1409 1426
1418 1428
1414 1429
1414 1429
1429 1430
1416 1430
1421 1432
1424 1432
1424 1432
1413 1433
1437 1439
1431 1439
1418 1442
1425 1446
1442 1447
1437 1453
1454 1458
1378 1461
1464 1466
1464 1467
1464 1467
1429 1470
1484 1485
1481 1487
1486 1489
1493 1496
1492 1498
1512 1514
1508 1514
1465 1516
1509 1518
1520 1524
1522 1524
1524 1525
1525 1526
1524 1528
1536 1537
1536 1540
1539 1541
1533 1541
1541 1542
1541 1542
1539 1543
1543 1544
1544 1546
1549 1550
1563 1568
1554 1571
1569 1587
1408 -1
1409 -1
1431 -1
1466 -1
1486 -1
1512 -1
1516 -1
1519 -1
1541 -1
