1350 1356
1357 1358
1353 1365
1374 1377
1375 1379
1378 1382
1383 1384
1382 1386
1372 1388
1392 1397
1387 1398
1384 1399
1389 1400
1396 1403
1407 1410
1378 1420
1412 1421
1425 1426
1427 1431
1427 1431
1426 1440
1427 1440
1435 1440
1369 1442
1431 1445
1442 1446
1428 1446
1422 1451
1436 1453
1426 1454
1459 1460
1464 1469
1454 1469
1465 1471
1455 1490
1490 1492
1494 1495
1492 1496
1497 1503
1489 1504
1503 1505
1511 1512
1502 1512
1514 1518
1502 1520
1514 1520
1522 1523
1463 1529
1527 1531
1527 1532
1532 1534
1529 1536
1537 1542
1539 1542
1542 1544
1549 1552
1549 1554
1558 1559
1564 1568
1558 1569
1578 1585
1568 1586
1409 -1
1412 -1
1423 -1
1466 -1
1490 -1
1515 -1
1516 -1
1520 -1
1545 -1
