1357 1366
1371 1372
1370 1373
1371 1375
1385 1387
1380 1388
1385 1391
1395 1401
1378 1402
1404 1406
1408 1412
1407 1413
1413 1416
1373 1422
1407 1426
1421 1434
1415 1434
1419 1434
1429 1435
1440 1442
1433 1442
1430 1442
1426 1442
1420 1445
1445 1446
1437 1446
1421 1447
1424 1450
1379 1451
1450 1454
1445 1454
1447 1455
1457 1460
1438 1461
1455 1461
1463 1469
1469 1471
1438 1474
1476 1479
1480 1485
1495 1496
1489 1500
1499 1501
1495 1503
1503 1505
1503 1509
1461 1513
1513 1514
1512 1516
1520 1521
1499 1521
1523 1527
1527 1529
1532 1535
1538 1539
1532 1540
1542 1543
1546 1548
1547 1548
1545 1550
1549 1552
1556 1558
1558 1562
1563 1565
1555 1569
1575 1592
1415 -1
1417 -1
1423 -1
1466 -1
1492 -1
1505 -1
1512 -1
1522 -1
1540 -1
