1292 1310
1267 1315
1315 1322
1296 1326
1322 1326
1296 1333
1330 1335
1323 1345
1344 1347
1309 1348
1337 1351
1350 1355
1355 1358
1324 1359
1350 1366
1286 1366
1357 1367
1371 1372
1360 1372
1373 1374
1354 1374
1373 1374
1341 1374
1267 1380
1380 1381
1369 1384
1347 1384
1383 1389
1377 1389
1380 1391
1322 1393
1393 1396
1375 1396
1398 1399
1391 1404
1401 1405
1301 1406
1382 1410
1447 1451
1337 1453
1430 1456
1451 1466
1460 1468
1408 1475
1462 1476
1357 1488
1480 1490
1454 1492
1490 1495
1353 1498
1421 1510
1497 1510
1505 1510
1500 1513
1518 1519
1525 1527
1477 1527
1530 1534
1433 1536
1437 1537
1533 1537
1486 1554
1545 1556
1560 1566
1541 1577
1697 1699
1256 -1
