1285 1303
1295 1304
1268 1304
1312 1313
1302 1322
1317 1324
1283 1325
1334 1335
1334 1338
1299 1345
1346 1348
1339 1349
1325 1349
1345 1350
1311 1352
1288 1355
1332 1357
1356 1357
1354 1357
1353 1358
1346 1360
1292 1365
1359 1367
1339 1368
1370 1372
1370 1373
1373 1374
1318 1378
1381 1383
1373 1384
1387 1388
1372 1398
1274 1402
1390 1403
1398 1404
1408 1409
1404 1409
1391 1413
1398 1416
1290 1418
1422 1429
1433 1438
1340 1453
1431 1456
1460 1461
1469 1470
1464 1477
1464 1478
1419 1480
1474 1483
1349 1488
1489 1490
1459 1496
1494 1498
1346 1502
1495 1506
1509 1512
1468 1515
1424 1516
1507 1516
1510 1518
1522 1525
1445 1531
1527 1534
1533 1536
1412 1539
1549 1550
1548 1555
1494 1558
1554 1563
1558 1594
1697 1707
1265 -1
