1345 1353
1370 1374
1370 1375
1367 1377
1380 1395
1400 1405
1391 1407
1407 1413
1383 1422
1421 1422
1404 1422
1422 1423
1421 1423
1422 1423
1430 1431
1422 1432
1376 1434
1426 1436
1374 1438
1431 1443
1440 1445
1442 1447
1433 1448
1439 1448
1434 1450
1427 1453
1419 1455
1462 1463
1462 1467
1445 1472
1476 1478
1477 1478
1483 1484
1482 1486
1485 1490
1487 1493
1443 1495
1497 1500
1496 1500
1500 1504
1468 1509
1509 1512
1506 1516
1504 1520
1517 1523
1525 1527
1525 1528
1530 1531
1528 1533
1528 1534
1533 1536
1541 1545
1544 1546
1544 1547
1544 1553
1556 1558
1559 1561
1557 1563
1560 1565
1562 1575
1416 -1
1416 -1
1424 -1
1455 -1
1488 -1
1513 -1
1515 -1
1520 -1
1541 -1
