1351 1358
1368 1376
1391 1394
1391 1394
1369 1397
1397 1398
1395 1403
1408 1411
1386 1412
1369 1416
1417 1419
1402 1421
1413 1427
1422 1427
1423 1427
1426 1429
1407 1429
1413 1430
1423 1432
1430 1432
1431 1437
1416 1438
1430 1440
1429 1441
1441 1444
1424 1445
1431 1446
1414 1448
1384 1448
1455 1461
1469 1473
1473 1475
1428 1480
1482 1484
1470 1494
1491 1495
1495 1497
1499 1503
1501 1503
1505 1513
1511 1521
1519 1523
1523 1525
1523 1525
1524 1526
1524 1526
1526 1527
1524 1527
1523 1528
1532 1534
1536 1537
1536 1538
1541 1543
1545 1546
1549 1550
1544 1553
1552 1553
1550 1554
1558 1564
1549 1565
1565 1578
1409 -1
1410 -1
1412 -1
1471 -1
1485 -1
1508 -1
1518 -1
1521 -1
1546 -1
