1277 1316
1312 1317
1293 1325
1291 1329
1311 1333
1304 1338
1329 1344
1332 1347
1346 1349
1339 1349
1345 1351
1345 1351
1356 1359
1303 1360
1364 1365
1337 1366
1315 1368
1295 1372
1361 1375
1354 1375
1358 1376
1366 1376
1375 1378
1346 1380
1365 1380
1338 1384
1365 1394
1387 1396
1275 1400
1386 1401
1399 1401
1400 1404
1407 1408
1402 1409
1393 1411
1405 1413
1303 1414
1421 1446
1441 1450
1455 1456
1335 1457
1459 1467
1464 1476
1418 1480
1349 1485
1481 1488
1486 1490
1486 1493
1493 1494
1346 1501
1506 1508
1456 1509
1502 1510
1506 1511
1504 1512
1414 1515
1472 1520
1519 1525
1524 1528
1452 1537
1535 1541
1428 1542
1487 1558
1552 1562
1564 1571
1560 1599
1721 1732
1274 -1
