1278 1292
1299 1301
1262 1316
1320 1327
1326 1328
1268 1330
1322 1330
1288 1330
1322 1334
1288 1337
1342 1343
1294 1344
1345 1349
1346 1351
1308 1352
1351 1355
1333 1356
1294 1357
1358 1359
1355 1359
1290 1360
1357 1361
1331 1368
1351 1376
1372 1381
1272 1382
1380 1383
1383 1385
1376 1386
1377 1388
1386 1391
1310 1393
1383 1407
1392 1408
1393 1412
1413 1414
1275 1417
1411 1418
1404 1420
1369 1425
1416 1433
1424 1444
1324 1447
1447 1454
1446 1456
1474 1476
1476 1478
1465 1479
1436 1484
1349 1486
1457 1489
1476 1491
1335 1492
1455 1493
1499 1501
1505 1506
1458 1508
1492 1513
1504 1514
1408 1518
1517 1518
1524 1525
1523 1529
1452 1530
1419 1534
1546 1561
1502 1561
1557 1562
1550 1589
1686 1700
1252 -1
