1339 1352
1359 1363
1359 1369
1366 1370
1376 1377
1375 1380
1361 1387
1389 1392
1389 1393
1392 1394
1397 1398
1405 1407
1396 1409
1410 1411
1409 1411
1386 1413
1358 1414
1409 1414
1413 1419
1405 1421
1428 1430
1420 1430
1431 1433
1431 1434
1436 1439
1437 1439
1425 1439
1409 1440
1424 1442
1428 1443
1410 1444
1380 1445
1428 1446
1448 1449
1410 1450
1431 1450
1427 1459
1459 1463
1465 1470
1463 1470
1470 1472
1424 1481
1476 1483
1488 1490
1480 1490
1493 1496
1453 1502
1506 1507
1513 1514
1499 1514
1502 1521
1520 1524
1519 1525
1524 1528
1527 1530
1523 1531
1526 1532
1515 1532
1531 1534
1536 1538
1542 1543
1541 1546
1543 1546
1547 1555
1555 1560
1572 1575
1403 -1
1420 -1
1423 -1
1451 -1
1484 -1
1507 -1
1510 -1
1512 -1
1535 -1
