1279 1305
1304 1308
1299 1310
1274 1311
1311 1319
1283 1319
1318 1319
1306 1323
1310 1327
1317 1331
1290 1341
1346 1348
1339 1350
1317 1355
1348 1356
1317 1358
1291 1366
1336 1367
1360 1367
1370 1371
1353 1371
1357 1374
1372 1377
1371 1377
1372 1378
1357 1380
1366 1382
1382 1385
1375 1389
1263 1393
1392 1393
1318 1394
1375 1396
1393 1399
1278 1400
1384 1404
1405 1406
1395 1413
1400 1427
1428 1445
1442 1452
1335 1454
1463 1466
1452 1472
1469 1473
1416 1478
1466 1479
1452 1485
1473 1485
1360 1485
1488 1491
1493 1495
1348 1497
1503 1514
1502 1515
1506 1515
1516 1517
1427 1518
1470 1518
1520 1521
1519 1523
1522 1523
1520 1524
1526 1532
1443 1533
1524 1540
1430 1541
1502 1551
1547 1560
1550 1580
1687 1690
1685 1702
1251 -1
