1354 1356
1360 1361
1367 1369
1364 1384
1387 1393
1395 1399
1409 1410
1387 1413
1406 1414
1399 1414
1411 1417
1421 1422
1416 1424
1422 1424
1379 1426
1426 1428
1421 1432
1424 1433
1421 1434
1438 1441
1379 1441
1423 1442
1431 1445
1432 1447
1443 1447
1443 1447
1432 1449
1431 1454
1460 1461
1448 1462
1458 1465
1466 1467
1470 1474
1476 1480
1486 1487
1447 1492
1495 1497
1496 1498
1498 1504
1470 1509
1508 1514
1512 1515
1514 1516
1520 1521
1512 1521
1511 1521
1526 1527
1528 1529
1530 1531
1531 1532
1527 1534
1532 1536
1547 1549
1549 1550
1554 1555
1556 1557
1556 1557
1550 1558
1559 1560
1560 1561
1558 1568
1566 1587
1591 1594
1409 -1
1415 -1
1426 -1
1474 -1
1496 -1
1510 -1
1513 -1
1523 -1
1542 -1
