1347 1352
1350 1353
1360 1366
1365 1366
1380 1381
1380 1383
1357 1384
1386 1388
1387 1399
1399 1402
1395 1403
1386 1403
1403 1404
1395 1409
1395 1413
1417 1423
1422 1424
1424 1428
1421 1429
1380 1430
1424 1436
1436 1439
1430 1441
1381 1442
1430 1443
1434 1448
1425 1448
1452 1453
1460 1466
1452 1469
1466 1472
1428 1479
1493 1494
1492 1495
1494 1497
1496 1499
1445 1502
1504 1505
1507 1511
1468 1512
1513 1514
1511 1516
1506 1521
1521 1523
1523 1524
1523 1525
1521 1528
1530 1531
1530 1539
1539 1540
1538 1540
1547 1548
1548 1549
1549 1552
1550 1552
1544 1552
1550 1553
1555 1557
1560 1563
1561 1569
1567 1583
1582 1585
1408 -1
1419 -1
1426 -1
1467 -1
1492 -1
1509 -1
1518 -1
1519 -1
1538 -1
