1364 1366
1377 1380
1356 1383
1384 1392
1397 1399
1381 1400
1399 1404
1403 1406
1393 1411
1403 1411
1415 1419
1410 1426
1428 1432
1378 1434
1429 1435
1426 1439
1422 1441
1420 1443
1432 1447
1447 1448
1442 1448
1448 1451
1436 1453
1424 1453
1445 1456
1383 1457
1448 1462
1464 1475
1431 1478
1444 1485
1489 1493
1495 1497
1496 1498
1501 1504
1474 1505
1511 1515
1510 1515
1512 1515
1506 1517
1518 1522
1517 1522
1522 1524
1528 1531
1532 1533
1532 1535
1526 1536
1534 1543
1542 1544
1543 1547
1546 1549
1555 1556
1554 1558
1563 1570
1566 1589
1585 1590
1417 -1
1417 -1
1418 -1
1479 -1
1487 -1
1509 -1
1516 -1
1517 -1
1536 -1
