1291 1303
1309 1314
1293 1318
1271 1320
1272 1324
1328 1330
1330 1331
1331 1332
1309 1345
1339 1346
1293 1358
1359 1363
1352 1364
1359 1365
1310 1365
1327 1366
1367 1369
1368 1370
1358 1375
1353 1375
1350 1378
1368 1382
1361 1384
1293 1389
1387 1389
1382 1391
1381 1391
1381 1394
1399 1400
1324 1400
1278 1403
1399 1407
1393 1411
1405 1415
1412 1416
1390 1421
1284 1423
1417 1429
1419 1431
1428 1452
1348 1455
1453 1459
1455 1470
1463 1471
1461 1476
1457 1483
1375 1488
1461 1489
1432 1489
1351 1493
1494 1495
1407 1506
1504 1510
1490 1510
1508 1510
1502 1512
1514 1517
1477 1518
1521 1523
1453 1532
1533 1534
1435 1537
1536 1553
1545 1560
1547 1560
1515 1562
1560 1585
1617 1618
1249 -1
