1336 1346
1348 1351
1363 1369
1371 1374
1391 1394
1398 1401
1355 1404
1403 1404
1406 1413
1413 1417
1416 1425
1398 1426
1425 1429
1371 1429
1416 1430
1424 1432
1385 1436
1424 1437
1405 1437
1376 1438
1438 1441
1439 1441
1414 1443
1437 1447
1423 1448
1443 1448
1436 1456
1443 1460
1430 1467
1466 1471
1475 1478
1470 1478
1434 1480
1482 1483
1479 1488
1492 1493
1489 1494
1493 1497
1493 1498
1483 1501
1466 1502
1487 1502
1441 1506
1500 1513
1516 1518
1517 1519
1518 1521
1509 1522
1516 1523
1521 1523
1523 1524
1523 1526
1522 1529
1545 1546
1547 1555
1551 1555
1555 1559
1560 1563
1559 1565
1556 1566
1561 1578
1412 -1
1418 -1
1419 -1
1443 -1
1477 -1
1510 -1
1515 -1
1520 -1
1532 -1
