1345 1353
1360 1361
1360 1361
1360 1361
1354 1381
1382 1384
1382 1386
1376 1389
1373 1395
1392 1398
1381 1413
1414 1415
1415 1418
1414 1418
1417 1419
1403 1420
1410 1421
1419 1425
1424 1426
1414 1428
1420 1432
1415 1434
1376 1436
1375 1436
1425 1442
1431 1443
1431 1443
1445 1451
1437 1459
1424 1467
1464 1468
1473 1476
1477 1480
1478 1485
1467 1490
1483 1491
1444 1491
1490 1492
1490 1494
1496 1500
1519 1521
1507 1521
1521 1523
1522 1524
1520 1525
1515 1525
1523 1526
1522 1528
1521 1529
1527 1530
1532 1537
1538 1540
1542 1543
1542 1544
1544 1545
1542 1547
1545 1548
1545 1548
1556 1560
1554 1561
1565 1567
1564 1575
1591 1592
1411 -1
1412 -1
1420 -1
1459 -1
1482 -1
1510 -1
1515 -1
1516 -1
1536 -1
