1300 1307
1301 1314
1315 1316
1312 1317
1262 1320
1277 1326
1333 1334
1343 1345
1322 1345
1292 1355
1309 1356
1309 1362
1360 1363
1365 1369
1356 1369
1358 1372
1346 1373
1375 1377
1360 1378
1359 1378
1351 1378
1371 1380
1377 1381
1288 1387
1389 1391
1382 1397
1389 1398
1398 1399
1323 1399
1405 1406
1400 1408
1288 1410
1407 1411
1399 1412
1391 1413
1283 1413
1403 1422
1420 1423
1417 1424
1428 1431
1444 1445
1425 1451
1447 1456
1347 1459
1456 1462
1466 1471
1465 1479
1431 1481
1458 1483
1462 1489
1488 1492
1369 1493
1343 1498
1502 1504
1506 1507
1505 1508
1500 1511
1403 1513
1513 1515
1506 1517
1478 1525
1529 1533
1530 1534
1454 1535
1427 1542
1546 1547
1535 1553
1537 1553
1502 1557
1556 1581
1253 -1
