1305 1312
1272 1319
1320 1321
1314 1323
1295 1324
1283 1326
1323 1329
1319 1331
1307 1333
1297 1349
1345 1350
1350 1353
1353 1354
1336 1354
1350 1355
1350 1358
1288 1365
1356 1365
1362 1366
1319 1368
1368 1369
1359 1370
1362 1372
1344 1373
1373 1375
1379 1383
1352 1384
1373 1385
1317 1390
1365 1393
1380 1396
1290 1405
1393 1405
1401 1406
1401 1407
1394 1409
1394 1410
1284 1411
1402 1414
1424 1446
1446 1449
1336 1451
1468 1469
1462 1475
1476 1482
1477 1482
1427 1487
1357 1488
1485 1488
1349 1492
1494 1499
1452 1504
1506 1508
1508 1511
1466 1511
1505 1516
1413 1517
1509 1519
1517 1520
1522 1523
1520 1524
1522 1524
1529 1532
1418 1539
1440 1539
1549 1550
1492 1564
1563 1567
1560 1568
1563 1594
1707 1714
1262 -1
