1287 1290
1282 1306
1280 1309
1303 1311
1304 1314
1307 1318
1319 1321
1306 1322
1311 1325
1297 1326
1325 1337
1346 1348
1306 1349
1343 1349
1313 1354
1346 1358
1347 1359
1297 1360
1299 1362
1361 1369
1337 1370
1367 1372
1369 1373
1362 1373
1371 1380
1350 1381
1378 1381
1381 1383
1388 1389
1279 1391
1324 1392
1396 1397
1383 1398
1382 1400
1389 1401
1385 1406
1380 1413
1280 1414
1412 1416
1394 1416
1432 1434
1440 1448
1338 1455
1432 1463
1467 1468
1460 1474
1422 1477
1469 1477
1469 1482
1353 1486
1468 1486
1488 1491
1483 1492
1457 1495
1358 1498
1495 1502
1429 1512
1467 1515
1510 1517
1516 1518
1509 1520
1521 1524
1525 1527
1425 1532
1525 1532
1519 1534
1444 1537
1490 1553
1563 1568
1547 1568
1694 1695
1686 1721
1255 -1
