1279 1280
1271 1301
1301 1305
1281 1307
1301 1311
1309 1315
1313 1315
1303 1319
1287 1323
1301 1323
1313 1329
1285 1335
1334 1338
1340 1344
1345 1346
1340 1347
1337 1349
1303 1350
1308 1351
1282 1352
1360 1361
1339 1365
1352 1372
1365 1374
1365 1376
1378 1379
1341 1380
1373 1380
1377 1381
1372 1382
1323 1384
1369 1385
1376 1392
1393 1395
1378 1396
1267 1398
1381 1398
1395 1400
1277 1402
1397 1404
1405 1409
1388 1409
1412 1415
1391 1416
1431 1442
1421 1444
1336 1455
1458 1470
1465 1476
1461 1478
1420 1481
1471 1483
1487 1489
1336 1490
1485 1491
1459 1496
1343 1502
1495 1504
1498 1513
1428 1514
1515 1516
1514 1517
1471 1518
1519 1522
1524 1525
1445 1526
1421 1536
1537 1538
1533 1538
1534 1551
1491 1556
1554 1559
1538 1575
1702 1720
1249 -1
