1281 1297
1301 1306
1270 1307
1305 1311
1272 1315
1314 1317
1277 1318
1318 1319
1299 1327
1303 1327
1319 1328
1327 1340
1343 1345
1347 1348
1292 1352
1346 1354
1354 1355
1309 1355
1325 1360
1359 1361
1346 1361
1357 1362
1367 1369
1364 1370
1290 1375
1355 1376
1348 1378
1374 1379
1378 1382
1370 1383
1322 1384
1272 1387
1378 1390
1397 1400
1389 1404
1406 1410
1393 1412
1379 1415
1414 1415
1406 1419
1279 1425
1400 1425
1432 1434
1418 1435
1432 1450
1338 1455
1447 1458
1459 1466
1408 1469
1465 1472
1458 1480
1473 1481
1467 1483
1486 1487
1343 1488
1452 1490
1361 1490
1505 1508
1505 1509
1508 1511
1494 1514
1421 1515
1467 1520
1522 1527
1451 1527
1435 1538
1495 1559
1554 1563
1560 1573
1558 1589
1686 1707
1241 -1
