1274 1279
1275 1294
1273 1299
1306 1310
1313 1314
1306 1319
1313 1320
1304 1324
1292 1325
1317 1338
1299 1338
1339 1344
1341 1346
1351 1352
1311 1353
1304 1353
1284 1359
1351 1362
1358 1366
1344 1366
1350 1372
1343 1374
1363 1376
1377 1378
1331 1379
1371 1380
1367 1382
1378 1387
1377 1387
1391 1392
1380 1392
1273 1394
1395 1396
1385 1397
1384 1399
1383 1401
1407 1408
1270 1410
1393 1412
1404 1414
1434 1442
1421 1452
1329 1452
1459 1465
1459 1472
1463 1474
1420 1480
1478 1486
1344 1486
1489 1490
1457 1493
1489 1496
1339 1496
1425 1504
1492 1504
1500 1513
1513 1516
1515 1516
1518 1519
1470 1519
1419 1531
1448 1533
1526 1533
1477 1542
1534 1544
1531 1549
1561 1566
1532 1573
1707 1723
1252 -1
