1345 1357
1375 1376
1378 1392
1399 1402
1359 1402
1421 1422
1395 1424
1395 1425
1418 1426
1410 1428
1422 1428
1423 1428
1379 1436
1369 1437
1377 1441
1436 1442
1429 1442
1424 1449
1430 1450
1443 1451
1417 1455
1445 1457
1465 1467
1466 1467
1467 1472
1469 1475
1480 1485
1485 1487
1484 1492
1493 1497
1494 1498
1464 1501
1446 1502
1492 1503
1500 1505
1512 1519
1514 1519
1503 1519
1517 1520
1520 1521
1520 1521
1520 1522
1521 1528
1522 1531
1532 1534
1537 1539
1541 1542
1538 1542
1541 1543
1551 1554
1554 1555
1549 1555
1555 1560
1558 1562
1563 1569
1566 1572
1416 -1
1416 -1
1422 -1
1458 -1
1487 -1
1511 -1
1516 -1
1522 -1
1537 -1
