1305 1308
1307 1310
1312 1313
1281 1326
1263 1331
1326 1342
1312 1342
1313 1343
1286 1346
1346 1354
1355 1358
1357 1366
1362 1375
1360 1377
1377 1378
1359 1378
1289 1380
1363 1380
1369 1381
1377 1386
1359 1387
1384 1388
1379 1393
1382 1394
1388 1394
1334 1397
1397 1398
1398 1400
1401 1404
1286 1404
1403 1407
1402 1409
1394 1409
1403 1412
1275 1417
1400 1421
1410 1421
1421 1423
1409 1425
1423 1426
1425 1426
1406 1433
1444 1451
1430 1454
1342 1455
1461 1462
1463 1472
1457 1480
1466 1488
1431 1488
1368 1490
1356 1490
1494 1496
1500 1503
1507 1510
1493 1512
1505 1513
1412 1517
1476 1521
1427 1534
1448 1536
1534 1536
1529 1545
1501 1549
1544 1556
1563 1594
1248 -1
