1361 1362
1359 1375
1380 1381
1382 1386
1389 1391
1384 1395
1385 1399
1398 1400
1396 1400
1392 1405
1404 1407
1391 1413
1380 1419
1415 1425
1411 1428
1427 1429
1429 1430
1432 1435
1432 1435
1426 1440
1426 1441
1424 1441
1419 1441
1377 1441
1433 1442
1425 1444
1425 1449
1449 1451
1461 1463
1461 1464
1464 1465
1464 1466
1454 1466
1446 1479
1485 1487
1494 1498
1495 1502
1501 1503
1466 1508
1508 1509
1503 1510
1509 1510
1511 1512
1506 1512
1508 1517
1518 1520
1520 1522
1519 1526
1527 1528
1526 1529
1522 1529
1531 1532
1533 1540
1540 1541
1541 1545
1550 1553
1550 1557
1555 1559
1564 1566
1557 1573
1587 1588
1574 1588
1589 1594
1411 -1
1415 -1
1416 -1
1462 -1
1480 -1
1500 -1
1507 -1
1513 -1
1539 -1
