1339 1346
1368 1369
1367 1371
1368 1372
1358 1383
1386 1389
1378 1395
1395 1397
1396 1399
1395 1400
1394 1411
1410 1415
1387 1415
1417 1419
1418 1419
1417 1419
1417 1419
1415 1420
1417 1420
1383 1422
1422 1424
1416 1428
1376 1429
1426 1431
1426 1432
1422 1434
1422 1441
1415 1445
1376 1445
1445 1448
1441 1448
1433 1451
1420 1451
1430 1455
1468 1469
1467 1471
1475 1477
1477 1478
1432 1479
1472 1479
1479 1484
1487 1498
1493 1500
1498 1500
1500 1505
1469 1513
1505 1517
1504 1518
1520 1523
1522 1526
1525 1527
1527 1528
1527 1528
1525 1534
1532 1534
1531 1536
1535 1537
1535 1537
1537 1539
1541 1549
1550 1551
1559 1560
1559 1563
1560 1569
1570 1578
1411 -1
1415 -1
1423 -1
1450 -1
1482 -1
1512 -1
1519 -1
1523 -1
1543 -1
