1338 1357
1368 1378
1351 1395
1403 1406
1402 1409
1412 1413
1419 1420
1400 1420
1422 1423
1421 1423
1421 1423
1425 1426
1419 1427
1384 1428
1428 1430
1413 1431
1398 1435
1371 1435
1367 1442
1438 1446
1433 1452
1419 1452
1439 1457
1427 1457
1445 1459
1459 1460
1435 1470
1466 1474
1479 1482
1470 1484
1476 1484
1483 1489
1480 1492
1482 1496
1492 1497
1495 1501
1442 1504
1502 1506
1499 1509
1467 1513
1517 1518
1517 1520
1506 1520
1521 1523
1523 1524
1523 1526
1520 1526
1520 1533
1532 1533
1534 1535
1538 1539
1538 1539
1538 1540
1549 1550
1550 1556
1555 1556
1544 1556
1555 1558
1549 1562
1560 1563
1419 -1
1422 -1
1429 -1
1448 -1
1481 -1
1509 -1
1518 -1
1521 -1
1538 -1
