1345 1347
1346 1347
1345 1350
1371 1379
1379 1384
1362 1384
1391 1392
1393 1397
1391 1399
1376 1406
1403 1407
1393 1409
1411 1412
1410 1414
1403 1416
1394 1419
1424 1426
1421 1437
1425 1439
1435 1439
1430 1440
1431 1441
1422 1444
1443 1446
1443 1448
1426 1448
1446 1450
1442 1453
1440 1453
1455 1460
1387 1463
1419 1464
1466 1468
1436 1485
1488 1491
1489 1491
1458 1507
1501 1507
1516 1518
1516 1518
1500 1519
1524 1525
1523 1535
1536 1538
1534 1540
1543 1546
1544 1548
1546 1548
1543 1548
1545 1550
1545 1552
1558 1563
1558 1571
1563 1583
1417 -1
1419 -1
1419 -1
1475 -1
1487 -1
1503 -1
1507 -1
1512 -1
1534 -1
