1284 1286
1280 1295
1278 1304
1310 1312
1312 1314
1315 1317
1302 1322
1305 1323
1304 1324
1309 1325
1290 1327
1299 1336
1291 1339
1307 1340
1339 1343
1344 1348
1351 1352
1349 1352
1288 1354
1353 1354
1310 1354
1349 1355
1348 1358
1357 1358
1348 1360
1329 1360
1360 1371
1371 1373
1365 1377
1343 1377
1376 1378
1324 1379
1377 1387
1377 1389
1267 1392
1377 1394
1393 1394
1375 1399
1401 1405
1380 1410
1274 1412
1405 1412
1409 1412
1384 1413
1431 1442
1420 1454
1320 1456
1464 1465
1461 1476
1464 1479
1468 1481
1418 1483
1483 1484
1344 1487
1455 1495
1495 1499
1499 1500
1335 1500
1423 1503
1497 1506
1495 1508
1507 1509
1506 1509
1511 1512
1508 1513
1467 1515
1425 1526
1444 1527
1528 1538
1478 1546
1540 1548
1523 1552
1551 1560
1530 1569
1691 1719
1256 -1
