1343 1345
1359 1361
1377 1379
1356 1384
1388 1391
1391 1394
1389 1397
1394 1398
1385 1411
1401 1412
1398 1412
1411 1413
1418 1423
1381 1426
1411 1426
1423 1427
1422 1430
1435 1436
1426 1436
1426 1437
1421 1439
1427 1439
1437 1441
1436 1443
1429 1443
1378 1444
1424 1445
1427 1449
1453 1456
1464 1467
1457 1469
1440 1483
1482 1487
1487 1490
1493 1498
1496 1498
1472 1507
1507 1509
1504 1512
1512 1515
1514 1515
1504 1515
1511 1515
1521 1525
1526 1527
1533 1534
1533 1538
1532 1538
1528 1539
1546 1550
1546 1552
1552 1555
1555 1558
1560 1561
1553 1562
1556 1564
1567 1588
1599 1604
1404 -1
1418 -1
1419 -1
1475 -1
1487 -1
1503 -1
1513 -1
1516 -1
1537 -1
