1269 1270
1264 1281
1273 1298
1305 1313
1312 1314
1312 1322
1294 1322
1287 1323
1282 1331
1313 1337
1298 1340
1336 1342
1337 1342
1291 1345
1340 1346
1347 1350
1282 1353
1333 1355
1347 1362
1335 1366
1363 1367
1361 1373
1370 1374
1370 1374
1367 1381
1340 1382
1373 1385
1372 1387
1322 1390
1256 1393
1392 1394
1378 1396
1395 1400
1387 1400
1378 1403
1258 1404
1432 1444
1423 1449
1325 1451
1456 1469
1456 1471
1471 1477
1430 1478
1347 1487
1477 1488
1487 1488
1486 1489
1456 1490
1329 1496
1499 1511
1427 1513
1507 1513
1510 1513
1517 1520
1515 1520
1474 1523
1521 1528
1527 1530
1424 1536
1438 1540
1538 1551
1487 1553
1553 1556
1545 1582
1692 1704
1252 -1
