1353 1361
1364 1365
1363 1366
1375 1380
1379 1381
1380 1382
1385 1387
1389 1391
1387 1393
1393 1397
1387 1400
1409 1412
1411 1412
1376 1417
1418 1420
1414 1421
1403 1423
1418 1427
1415 1429
1412 1436
1433 1438
1432 1441
1433 1441
1431 1444
1430 1445
1439 1448
1439 1448
1446 1449
1446 1450
1426 1452
1428 1453
1381 1458
1463 1468
1472 1477
1480 1481
1484 1485
1434 1488
1495 1497
1498 1499
1501 1505
1496 1505
1512 1515
1517 1519
1516 1522
1513 1522
1510 1523
1473 1524
1524 1526
1526 1529
1528 1530
1527 1532
1526 1532
1527 1535
1538 1539
1550 1551
1545 1553
1560 1562
1556 1564
1564 1566
1568 1583
1412 -1
1422 -1
1428 -1
1467 -1
1491 -1
1516 -1
1516 -1
1520 -1
1538 -1
