1304 1307
1294 1307
1286 1312
1308 1313
1270 1315
1305 1317
1280 1318
1308 1326
1333 1334
1307 1336
1312 1341
1290 1341
1348 1352
1350 1353
1357 1360
1344 1362
1353 1362
1317 1364
1361 1364
1357 1366
1363 1368
1365 1368
1298 1370
1334 1370
1342 1373
1252 1391
1315 1391
1390 1392
1381 1393
1398 1400
1396 1403
1372 1403
1391 1407
1378 1409
1281 1413
1391 1416
1396 1421
1403 1429
1423 1451
1335 1453
1450 1463
1459 1465
1467 1470
1453 1472
1430 1478
1469 1479
1469 1481
1484 1487
1352 1491
1459 1496
1343 1499
1506 1508
1498 1509
1425 1511
1494 1517
1467 1524
1522 1525
1527 1528
1525 1531
1446 1532
1430 1543
1497 1557
1556 1558
1548 1567
1554 1571
1651 1654
1671 1677
1242 -1
