1277 1279
1281 1305
1276 1306
1310 1312
1307 1316
1299 1321
1304 1321
1286 1326
1319 1334
1293 1338
1346 1349
1309 1349
1351 1353
1346 1355
1292 1358
1361 1362
1350 1364
1355 1365
1365 1367
1364 1369
1292 1369
1361 1369
1334 1369
1373 1375
1372 1377
1373 1378
1347 1381
1329 1386
1363 1391
1382 1394
1272 1399
1400 1401
1388 1404
1393 1406
1383 1409
1412 1414
1392 1415
1269 1417
1414 1430
1425 1449
1332 1454
1444 1455
1463 1466
1456 1476
1466 1478
1464 1478
1465 1480
1429 1484
1349 1488
1480 1488
1453 1488
1332 1505
1487 1506
1426 1507
1502 1514
1465 1515
1517 1519
1519 1521
1525 1529
1446 1532
1525 1535
1423 1539
1528 1543
1487 1545
1555 1566
1540 1574
1692 1697
1690 1718
1235 -1
