1330 1338
1344 1345
1353 1354
1387 1388
1359 1389
1388 1389
1389 1395
1396 1402
1397 1404
1410 1412
1403 1414
1412 1416
1401 1417
1411 1426
1423 1432
1384 1434
1432 1435
1433 1440
1433 1440
1432 1442
1441 1443
1422 1445
1430 1446
1427 1449
1427 1449
1437 1451
1375 1452
1450 1453
1449 1457
1458 1459
1437 1459
1457 1462
1461 1464
1461 1468
1485 1486
1483 1491
1469 1494
1497 1501
1498 1504
1502 1507
1507 1508
1506 1512
1508 1514
1509 1514
1513 1514
1469 1516
1522 1525
1525 1529
1525 1535
1540 1541
1541 1542
1540 1542
1540 1543
1540 1545
1550 1552
1552 1554
1553 1559
1564 1567
1558 1571
1567 1591
1412 -1
1414 -1
1421 -1
1470 -1
1492 -1
1505 -1
1515 -1
1517 -1
1540 -1
