1286 1296
1308 1312
1269 1314
1282 1316
1309 1322
1267 1323
1332 1335
1294 1336
1331 1339
1309 1339
1312 1351
1345 1353
1302 1354
1353 1358
1342 1361
1355 1363
1354 1365
1339 1365
1347 1367
1353 1368
1366 1369
1297 1370
1374 1375
1374 1375
1369 1379
1377 1379
1380 1388
1376 1388
1273 1393
1308 1394
1359 1397
1390 1398
1399 1402
1403 1404
1402 1407
1389 1407
1280 1410
1398 1415
1425 1436
1432 1450
1335 1455
1450 1457
1460 1468
1456 1484
1420 1484
1354 1484
1474 1485
1454 1487
1491 1494
1496 1499
1347 1499
1503 1509
1510 1512
1406 1513
1507 1514
1496 1517
1474 1519
1519 1523
1440 1529
1527 1530
1430 1533
1532 1535
1542 1544
1553 1554
1546 1555
1513 1561
1563 1573
1641 1646
1665 1667
1243 -1
