1315 1316
1360 1362
1353 1364
1368 1373
1369 1374
1368 1379
1383 1388
1381 1391
1391 1393
1393 1395
1399 1400
1399 1400
1384 1401
1399 1401
1396 1403
1405 1416
1415 1418
1413 1421
1375 1424
1424 1426
1427 1431
1431 1434
1438 1439
1437 1440
1433 1441
1427 1443
1441 1444
1435 1444
1442 1444
1367 1444
1431 1446
1428 1449
1440 1453
1438 1454
1442 1455
1438 1461
1459 1463
1430 1465
1465 1466
1447 1468
1470 1471
1472 1477
1482 1486
1443 1494
1499 1502
1504 1507
1503 1512
1500 1519
1514 1520
1474 1520
1516 1521
1527 1531
1526 1531
1529 1532
1531 1532
1530 1532
1529 1535
1533 1540
1537 1540
1542 1543
1543 1545
1545 1546
1546 1547
1545 1547
1549 1558
1558 1565
1557 1566
1575 1581
1566 1586
1410 -1
1413 -1
1426 -1
1460 -1
1490 -1
1504 -1
1510 -1
1511 -1
1539 -1
