1360 1365
1358 1383
1387 1389
1403 1404
1395 1405
1404 1405
1396 1408
1408 1409
1391 1414
1412 1414
1414 1417
1401 1422
1425 1427
1421 1431
1409 1432
1429 1434
1431 1436
1386 1437
1420 1439
1429 1439
1421 1439
1431 1440
1382 1440
1436 1442
1439 1445
1440 1447
1446 1447
1440 1447
1418 1447
1458 1461
1451 1464
1459 1467
1469 1471
1472 1473
1475 1476
1441 1490
1491 1494
1493 1494
1496 1498
1493 1500
1501 1504
1509 1511
1511 1512
1475 1512
1507 1513
1508 1515
1505 1516
1513 1517
1526 1530
1529 1533
1533 1536
1538 1540
1541 1543
1538 1543
1543 1547
1550 1556
1557 1558
1560 1570
1564 1588
1592 1600
1409 -1
1419 -1
1420 -1
1472 -1
1485 -1
1510 -1
1513 -1
1518 -1
1545 -1
