1279 1282
1278 1293
1280 1306
1312 1317
1319 1320
1310 1322
1312 1325
1286 1331
1308 1334
1295 1335
1325 1339
1340 1341
1331 1346
1343 1347
1299 1351
1345 1352
1307 1353
1285 1356
1333 1359
1356 1362
1354 1364
1351 1369
1361 1373
1369 1375
1360 1376
1364 1377
1375 1379
1373 1383
1347 1383
1383 1384
1333 1385
1386 1387
1274 1391
1386 1391
1384 1399
1379 1400
1382 1406
1404 1412
1411 1412
1269 1415
1391 1417
1430 1440
1419 1449
1458 1464
1319 1465
1463 1473
1428 1476
1464 1477
1471 1483
1455 1492
1355 1492
1488 1495
1496 1498
1332 1498
1495 1504
1431 1511
1517 1518
1515 1518
1468 1518
1505 1521
1439 1527
1421 1532
1530 1539
1538 1544
1479 1547
1547 1548
1537 1556
1553 1562
1538 1580
1700 1709
1252 -1
