1272 1295
1291 1300
1278 1310
1309 1314
1312 1319
1315 1323
1321 1323
1289 1324
1317 1329
1331 1334
1301 1343
1293 1346
1306 1351
1347 1357
1349 1359
1333 1363
1366 1368
1286 1369
1360 1370
1371 1373
1358 1373
1357 1373
1365 1373
1372 1377
1351 1380
1375 1385
1342 1388
1264 1390
1376 1390
1392 1399
1385 1403
1392 1404
1383 1407
1407 1408
1386 1409
1406 1411
1272 1423
1433 1434
1426 1452
1451 1459
1337 1459
1455 1469
1463 1474
1466 1476
1425 1480
1474 1487
1361 1489
1338 1491
1459 1492
1496 1498
1494 1510
1417 1511
1510 1513
1516 1520
1473 1520
1519 1522
1522 1529
1438 1532
1531 1533
1432 1540
1542 1549
1546 1551
1489 1552
1553 1563
1550 1591
1696 1698
1694 1699
1693 1703
1259 -1
