1344 1356
1367 1369
1368 1378
1382 1385
1371 1388
1392 1395
1400 1404
1403 1408
1366 1410
1392 1414
1410 1414
1413 1415
1414 1416
1410 1416
1398 1416
1402 1421
1421 1424
1421 1427
1411 1428
1421 1428
1409 1428
1413 1435
1431 1437
1437 1439
1423 1441
1441 1442
1430 1443
1432 1443
1384 1443
1442 1444
1439 1447
1410 1451
1460 1463
1458 1467
1466 1469
1465 1469
1428 1472
1493 1494
1497 1498
1496 1499
1488 1500
1459 1502
1502 1508
1503 1517
1506 1518
1518 1524
1523 1526
1520 1527
1528 1530
1529 1536
1533 1536
1534 1536
1536 1537
1539 1541
1546 1547
1549 1550
1550 1551
1548 1551
1550 1553
1554 1556
1549 1556
1562 1565
1565 1571
1562 1574
1570 1582
1404 -1
1411 -1
1411 -1
1454 -1
1487 -1
1503 -1
1506 -1
1511 -1
1536 -1
