1290 1292
1292 1313
1274 1313
1308 1314
1315 1318
1285 1318
1327 1328
1317 1330
1321 1332
1314 1333
1297 1335
1342 1346
1302 1349
1355 1356
1323 1360
1334 1361
1350 1364
1359 1364
1354 1365
1329 1366
1358 1370
1365 1372
1365 1372
1297 1373
1350 1373
1367 1373
1345 1382
1325 1382
1264 1385
1376 1389
1372 1391
1389 1398
1380 1403
1391 1404
1408 1410
1389 1410
1288 1413
1424 1438
1444 1448
1445 1452
1427 1458
1331 1459
1458 1465
1461 1473
1459 1475
1412 1478
1473 1484
1361 1484
1459 1497
1342 1505
1500 1506
1423 1508
1497 1511
1511 1512
1500 1513
1517 1519
1515 1520
1520 1521
1472 1521
1429 1529
1437 1536
1532 1538
1536 1539
1494 1542
1539 1552
1556 1564
1542 1574
1692 1701
1705 1706
1245 -1
