1298 1311
1276 1320
1319 1321
1312 1322
1276 1333
1317 1333
1332 1335
1286 1339
1295 1340
1306 1340
1299 1342
1340 1343
1342 1345
1348 1349
1347 1353
1348 1356
1354 1359
1345 1361
1313 1361
1355 1362
1296 1367
1366 1372
1358 1374
1373 1374
1355 1380
1245 1384
1383 1386
1352 1387
1375 1388
1385 1390
1376 1391
1389 1397
1376 1402
1317 1404
1397 1407
1381 1409
1396 1411
1410 1411
1290 1416
1413 1422
1412 1432
1330 1450
1434 1457
1455 1466
1457 1468
1451 1469
1465 1469
1425 1472
1350 1478
1480 1485
1475 1489
1456 1495
1337 1498
1501 1509
1402 1510
1493 1517
1515 1519
1469 1524
1524 1526
1521 1526
1443 1532
1529 1532
1437 1542
1543 1557
1507 1557
1543 1558
1559 1565
1606 1609
1632 1645
1245 -1
