1278 1280
1284 1301
1278 1306
1304 1310
1308 1318
1308 1321
1321 1322
1300 1328
1311 1329
1293 1329
1275 1329
1312 1331
1330 1337
1344 1346
1341 1348
1349 1350
1305 1353
1346 1354
1287 1356
1318 1357
1352 1366
1327 1366
1355 1367
1366 1369
1362 1374
1345 1376
1376 1379
1369 1379
1362 1382
1321 1389
1376 1392
1276 1393
1389 1396
1376 1399
1389 1400
1399 1400
1269 1403
1381 1404
1389 1409
1401 1424
1434 1445
1429 1452
1455 1458
1344 1462
1450 1467
1469 1477
1466 1479
1424 1481
1471 1484
1450 1486
1352 1490
1349 1501
1495 1503
1495 1510
1433 1513
1507 1513
1469 1515
1518 1522
1520 1524
1523 1524
1521 1524
1514 1528
1526 1528
1442 1534
1422 1544
1545 1546
1488 1558
1557 1567
1539 1575
1698 1704
1693 1716
1242 -1
