1297 1302
1277 1303
1266 1308
1291 1315
1294 1319
1298 1320
1318 1321
1332 1334
1312 1335
1340 1342
1304 1342
1344 1346
1288 1350
1347 1358
1310 1358
1350 1360
1361 1362
1356 1363
1324 1367
1367 1368
1363 1368
1293 1369
1357 1372
1365 1372
1356 1374
1377 1378
1350 1382
1259 1384
1336 1385
1395 1396
1396 1397
1369 1399
1382 1401
1375 1403
1389 1405
1397 1407
1390 1410
1393 1411
1267 1412
1396 1420
1414 1421
1422 1444
1333 1447
1440 1454
1460 1473
1451 1475
1424 1475
1467 1477
1465 1481
1450 1485
1355 1489
1325 1503
1417 1504
1509 1515
1495 1515
1461 1520
1519 1524
1520 1524
1437 1527
1519 1530
1529 1532
1432 1535
1553 1554
1489 1557
1547 1565
1538 1578
1692 1695
1682 1702
1245 -1
