1321 1324
1365 1369
1352 1373
1390 1396
1395 1397
1396 1399
1390 1403
1399 1405
1400 1406
1387 1409
1406 1410
1399 1411
1392 1422
1414 1429
1425 1429
1431 1435
1433 1438
1417 1439
1424 1440
1424 1441
1442 1443
1442 1446
1423 1447
1431 1448
1372 1449
1446 1451
1451 1463
1460 1465
1423 1469
1443 1482
1480 1483
1503 1510
1505 1510
1503 1511
1508 1511
1469 1513
1514 1515
1513 1515
1502 1516
1516 1517
1516 1520
1517 1520
1521 1534
1535 1536
1536 1538
1539 1546
1547 1548
1548 1551
1554 1555
1554 1557
1558 1560
1560 1566
1570 1571
1573 1576
1558 1578
1565 1590
1409 -1
1412 -1
1423 -1
1478 -1
1486 -1
1503 -1
1510 -1
1513 -1
1532 -1
