1339 1352
1378 1380
1368 1381
1391 1396
1356 1397
1400 1403
1396 1405
1417 1420
1417 1420
1394 1421
1400 1425
1413 1425
1421 1428
1428 1431
1374 1434
1439 1442
1374 1444
1433 1445
1428 1453
1443 1453
1425 1454
1374 1456
1445 1458
1424 1465
1462 1467
1468 1472
1475 1477
1476 1477
1473 1481
1483 1488
1479 1490
1486 1492
1490 1494
1487 1498
1497 1501
1473 1504
1452 1506
1509 1520
1520 1521
1520 1521
1506 1521
1520 1522
1520 1522
1518 1525
1533 1535
1532 1537
1537 1538
1529 1538
1539 1540
1544 1546
1544 1547
1545 1555
1550 1555
1564 1569
1567 1569
1558 1572
1412 -1
1420 -1
1423 -1
1453 -1
1489 -1
1514 -1
1517 -1
1518 -1
1542 -1
