1348 1361
1373 1374
1375 1380
1377 1381
1371 1382
1376 1389
1386 1389
1392 1396
1396 1397
1394 1400
1399 1402
1404 1405
1404 1406
1399 1410
1411 1412
1372 1414
1412 1415
1416 1421
1392 1422
1411 1424
1399 1425
1427 1429
1427 1429
1426 1435
1423 1437
1434 1437
1434 1437
1418 1439
1383 1441
1419 1448
1425 1451
1440 1452
1443 1453
1429 1454
1455 1457
1460 1467
1465 1468
1464 1472
1473 1475
1423 1476
1492 1495
1494 1496
1497 1498
1497 1499
1489 1500
1462 1512
1505 1514
1501 1520
1523 1524
1523 1524
1523 1527
1527 1528
1523 1528
1528 1529
1522 1532
1533 1534
1531 1535
1529 1538
1541 1542
1548 1550
1546 1551
1550 1553
1562 1564
1567 1571
1571 1572
1559 1573
1569 1585
1411 -1
1416 -1
1420 -1
1463 -1
1491 -1
1510 -1
1515 -1
1521 -1
1544 -1
