1281 1285
1300 1302
1283 1305
1298 1311
1285 1314
1307 1316
1322 1323
1321 1324
1287 1327
1314 1327
1317 1334
1315 1334
1289 1337
1327 1338
1343 1347
1346 1350
1344 1354
1285 1357
1315 1357
1357 1358
1354 1362
1321 1364
1362 1368
1356 1368
1364 1369
1347 1372
1372 1380
1352 1380
1365 1382
1280 1388
1377 1391
1379 1398
1386 1400
1375 1402
1398 1403
1316 1404
1278 1407
1390 1418
1440 1450
1340 1452
1430 1455
1452 1471
1424 1479
1474 1481
1468 1481
1471 1484
1360 1489
1455 1491
1485 1493
1356 1500
1500 1506
1422 1508
1507 1509
1507 1513
1469 1517
1519 1521
1519 1523
1522 1524
1526 1532
1525 1536
1425 1539
1443 1539
1490 1554
1553 1561
1544 1586
1698 1703
1707 1709
1255 -1
