1288 1304
1306 1315
1282 1315
1312 1316
1308 1316
1275 1318
1276 1324
1326 1327
1325 1331
1298 1333
1324 1340
1308 1341
1346 1350
1349 1353
1345 1355
1294 1357
1350 1359
1323 1362
1362 1363
1364 1365
1347 1366
1365 1366
1366 1367
1366 1368
1368 1369
1334 1370
1362 1371
1370 1374
1344 1374
1373 1375
1307 1382
1387 1388
1281 1389
1388 1392
1309 1392
1387 1395
1389 1396
1399 1403
1388 1406
1405 1412
1401 1414
1407 1416
1284 1416
1379 1422
1422 1434
1342 1450
1436 1458
1445 1459
1463 1475
1430 1480
1475 1482
1475 1482
1460 1485
1355 1490
1477 1490
1459 1496
1497 1500
1340 1501
1503 1508
1415 1511
1495 1518
1511 1518
1467 1519
1454 1535
1533 1537
1428 1541
1505 1559
1550 1564
1548 1566
1564 1591
1674 1679
1679 1694
1250 -1
