1281 1287
1297 1312
1313 1315
1268 1316
1318 1322
1267 1327
1326 1339
1334 1341
1311 1344
1344 1347
1352 1354
1315 1355
1354 1357
1287 1358
1353 1364
1312 1368
1290 1374
1344 1375
1355 1375
1375 1377
1354 1380
1343 1380
1373 1384
1369 1387
1381 1390
1383 1390
1379 1392
1291 1394
1327 1399
1400 1401
1399 1406
1406 1408
1406 1409
1406 1409
1399 1413
1274 1415
1418 1419
1417 1422
1418 1423
1411 1424
1386 1426
1432 1448
1436 1451
1447 1453
1334 1463
1468 1469
1470 1483
1360 1485
1475 1487
1463 1488
1440 1490
1467 1492
1490 1493
1335 1499
1505 1506
1504 1506
1407 1508
1486 1509
1507 1514
1511 1516
1474 1516
1454 1530
1529 1531
1530 1532
1415 1537
1534 1544
1506 1557
1546 1566
1563 1573
1576 1595
1681 1684
1239 -1
