1314 1315
1315 1320
1248 1328
1327 1332
1271 1335
1308 1346
1324 1351
1323 1355
1345 1356
1350 1357
1300 1357
1360 1364
1363 1365
1356 1369
1297 1372
1355 1376
1377 1378
1365 1379
1352 1380
1377 1381
1370 1383
1378 1385
1364 1389
1387 1390
1382 1392
1376 1394
1381 1395
1394 1395
1393 1395
1393 1399
1398 1401
1300 1403
1390 1404
1325 1406
1404 1409
1404 1412
1276 1412
1383 1415
1410 1419
1409 1419
1415 1421
1444 1447
1348 1456
1433 1457
1457 1469
1472 1473
1361 1477
1462 1478
1467 1482
1432 1488
1475 1498
1494 1498
1353 1506
1502 1507
1496 1510
1505 1514
1501 1515
1413 1520
1477 1521
1528 1533
1420 1534
1453 1538
1531 1544
1532 1547
1547 1550
1504 1554
1565 1595
1247 -1
