1258 1285
1292 1293
1279 1305
1302 1314
1289 1317
1309 1319
1311 1330
1311 1332
1317 1335
1339 1341
1288 1342
1334 1347
1344 1350
1303 1350
1309 1350
1342 1355
1283 1357
1330 1360
1356 1365
1353 1367
1362 1370
1370 1373
1341 1374
1375 1377
1380 1386
1321 1386
1372 1387
1369 1389
1376 1398
1268 1400
1399 1402
1257 1404
1390 1405
1396 1408
1386 1409
1392 1410
1428 1437
1420 1443
1329 1457
1458 1469
1420 1479
1463 1481
1467 1484
1477 1485
1343 1487
1489 1491
1489 1492
1459 1494
1337 1502
1431 1506
1495 1508
1500 1508
1470 1516
1522 1524
1522 1524
1523 1527
1523 1530
1446 1531
1415 1538
1534 1546
1484 1548
1560 1567
1537 1587
1699 1708
1251 -1
