1346 1355
1367 1370
1369 1372
1369 1374
1366 1374
1365 1378
1380 1381
1382 1384
1389 1391
1391 1392
1395 1398
1397 1406
1382 1408
1407 1408
1413 1414
1410 1415
1410 1415
1404 1420
1365 1420
1414 1422
1413 1427
1414 1429
1417 1431
1423 1436
1378 1441
1410 1442
1412 1442
1431 1445
1449 1450
1430 1451
1446 1452
1459 1461
1453 1462
1461 1466
1430 1467
1471 1473
1477 1479
1494 1496
1454 1501
1491 1502
1507 1508
1507 1508
1507 1514
1501 1519
1517 1520
1513 1522
1526 1529
1526 1529
1529 1530
1522 1531
1527 1531
1532 1534
1534 1535
1540 1542
1543 1545
1549 1550
1542 1552
1556 1563
1558 1563
1551 1565
1563 1576
1408 -1
1409 -1
1417 -1
1465 -1
1485 -1
1505 -1
1514 -1
1517 -1
1538 -1
