1317 1325
1343 1346
1361 1363
1348 1365
1367 1368
1380 1385
1382 1385
1378 1387
1383 1389
1389 1392
1396 1398
1386 1402
1400 1407
1406 1409
1394 1409
1414 1416
1410 1419
1412 1421
1409 1422
1377 1422
1423 1427
1412 1429
1424 1430
1423 1435
1434 1435
1429 1435
1422 1435
1431 1437
1422 1439
1430 1439
1371 1439
1441 1444
1431 1448
1421 1452
1452 1454
1458 1461
1459 1463
1444 1464
1471 1473
1448 1486
1492 1494
1487 1499
1503 1507
1512 1515
1519 1520
1519 1520
1511 1520
1509 1521
1524 1528
1470 1528
1524 1529
1526 1530
1533 1541
1537 1542
1536 1542
1544 1545
1548 1550
1548 1552
1563 1564
1551 1570
1570 1585
1583 1587
1407 -1
1412 -1
1419 -1
1464 -1
1483 -1
1503 -1
1509 -1
1513 -1
1536 -1
