1350 1361
1370 1377
1371 1379
1375 1386
1386 1389
1387 1389
1395 1397
1393 1398
1400 1409
1373 1410
1410 1412
1386 1413
1413 1417
1415 1417
1405 1419
1422 1426
1430 1432
1416 1433
1427 1435
1419 1437
1434 1439
1424 1441
1428 1441
1376 1445
1440 1448
1430 1449
1412 1449
1448 1449
1448 1451
1434 1454
1457 1465
1468 1471
1472 1475
1474 1476
1467 1477
1431 1482
1483 1484
1489 1495
1496 1497
1491 1504
1460 1508
1511 1512
1505 1520
1508 1521
1523 1526
1526 1528
1525 1528
1525 1531
1529 1533
1534 1535
1532 1535
1533 1537
1534 1537
1536 1537
1546 1547
1548 1549
1545 1553
1566 1572
1569 1572
1564 1574
1575 1586
1410 -1
1415 -1
1425 -1
1457 -1
1488 -1
1508 -1
1509 -1
1513 -1
1539 -1
