1338 1345
1372 1374
1369 1380
1357 1380
1385 1387
1386 1389
1392 1402
1382 1404
1402 1411
1409 1411
1411 1413
1383 1415
1395 1416
1367 1419
1419 1421
1409 1422
1420 1424
1424 1428
1424 1429
1429 1433
1426 1434
1374 1435
1433 1437
1436 1437
1425 1438
1416 1439
1439 1441
1421 1444
1413 1453
1425 1458
1459 1460
1460 1462
1464 1465
1461 1467
1426 1469
1468 1473
1478 1482
1482 1483
1488 1490
1490 1491
1486 1495
1460 1499
1496 1501
1499 1504
1508 1509
1517 1518
1512 1521
1511 1522
1510 1522
1523 1524
1523 1524
1523 1525
1523 1527
1525 1528
1525 1532
1533 1534
1533 1534
1525 1537
1538 1539
1543 1544
1543 1544
1551 1552
1551 1552
1551 1552
1553 1554
1545 1557
1556 1560
1560 1562
1568 1574
1410 -1
1412 -1
1423 -1
1450 -1
1477 -1
1511 -1
1517 -1
1518 -1
1539 -1
