1286 1295
1310 1315
1277 1315
1302 1317
1273 1317
1313 1318
1277 1322
1319 1323
1292 1328
1322 1331
1330 1331
1318 1333
1305 1335
1338 1342
1326 1342
1336 1353
1311 1354
1302 1355
1356 1357
1359 1360
1354 1361
1352 1361
1360 1362
1334 1362
1294 1371
1348 1376
1366 1378
1378 1380
1372 1380
1378 1388
1317 1388
1276 1395
1388 1397
1406 1408
1405 1409
1392 1410
1395 1412
1412 1413
1403 1415
1408 1415
1270 1421
1374 1422
1421 1435
1438 1440
1430 1453
1448 1458
1315 1459
1465 1471
1470 1478
1471 1483
1461 1484
1473 1484
1432 1486
1349 1489
1459 1495
1330 1498
1500 1505
1417 1515
1492 1517
1512 1521
1471 1521
1526 1527
1450 1540
1426 1544
1552 1554
1494 1561
1550 1563
1561 1588
1703 1704
1695 1705
1253 -1
