1282 1299
1262 1315
1255 1318
1315 1323
1290 1323
1328 1331
1320 1340
1335 1341
1301 1343
1345 1351
1301 1352
1302 1355
1348 1357
1320 1357
1340 1362
1360 1364
1362 1364
1366 1367
1362 1369
1340 1373
1353 1374
1374 1375
1367 1376
1291 1377
1372 1381
1380 1382
1373 1386
1385 1388
1386 1388
1386 1391
1301 1396
1395 1398
1403 1404
1395 1405
1270 1408
1402 1409
1393 1410
1412 1416
1416 1418
1281 1421
1372 1424
1424 1437
1434 1455
1450 1457
1332 1459
1468 1469
1470 1477
1470 1479
1474 1483
1353 1485
1457 1487
1428 1489
1490 1495
1456 1496
1351 1502
1406 1507
1492 1508
1507 1509
1463 1511
1505 1513
1518 1521
1530 1531
1449 1538
1421 1540
1542 1557
1557 1558
1517 1561
1566 1571
1569 1587
1666 1669
1677 1693
1249 -1
