1291 1302
1274 1303
1267 1303
1302 1318
1310 1321
1271 1322
1308 1327
1313 1328
1301 1334
1346 1351
1345 1352
1324 1356
1311 1357
1299 1359
1354 1359
1356 1360
1361 1362
1361 1362
1349 1362
1361 1363
1344 1364
1361 1365
1290 1366
1352 1369
1368 1374
1378 1381
1321 1383
1264 1386
1380 1391
1399 1401
1401 1403
1391 1409
1386 1410
1367 1413
1390 1414
1404 1415
1280 1415
1402 1421
1415 1433
1423 1441
1440 1454
1335 1459
1463 1467
1470 1475
1427 1477
1447 1481
1472 1481
1453 1482
1352 1485
1475 1490
1417 1503
1341 1503
1501 1506
1513 1514
1466 1515
1499 1516
1507 1518
1517 1522
1521 1522
1521 1524
1453 1534
1530 1535
1425 1538
1486 1553
1548 1561
1555 1575
1672 1692
1254 -1
