1344 1358
1372 1386
1387 1389
1389 1391
1353 1400
1399 1403
1397 1408
1416 1419
1416 1422
1404 1426
1426 1428
1389 1430
1396 1432
1430 1433
1418 1434
1432 1435
1431 1436
1382 1441
1374 1443
1445 1448
1441 1452
1442 1453
1425 1456
1443 1456
1422 1464
1434 1465
1470 1477
1468 1478
1479 1481
1483 1485
1479 1488
1488 1489
1482 1491
1492 1496
1492 1497
1492 1497
1453 1500
1468 1503
1504 1505
1502 1513
1505 1515
1516 1526
1519 1529
1528 1531
1528 1532
1528 1536
1539 1540
1539 1541
1544 1545
1546 1547
1547 1548
1546 1548
1544 1548
1548 1549
1551 1555
1549 1558
1553 1561
1575 1576
1411 -1
1420 -1
1426 -1
1459 -1
1488 -1
1515 -1
1517 -1
1519 -1
1537 -1
