1336 1349
1354 1356
1369 1377
1383 1386
1393 1397
1398 1399
1351 1400
1403 1405
1405 1413
1418 1419
1418 1421
1417 1422
1394 1424
1413 1426
1428 1429
1426 1430
1403 1430
1424 1433
1435 1436
1383 1438
1433 1439
1376 1439
1367 1444
1437 1447
1446 1448
1422 1452
1454 1455
1441 1457
1430 1459
1425 1460
1426 1461
1466 1468
1475 1480
1475 1481
1483 1484
1474 1484
1480 1486
1487 1490
1487 1494
1491 1497
1476 1499
1496 1500
1464 1501
1473 1502
1439 1509
1510 1516
1513 1518
1515 1518
1506 1518
1519 1520
1519 1520
1506 1521
1518 1522
1520 1523
1525 1526
1526 1527
1528 1529
1528 1531
1531 1532
1522 1536
1536 1537
1535 1538
1539 1541
1543 1547
1547 1549
1543 1550
1548 1551
1549 1553
1548 1553
1553 1555
1558 1561
1552 1565
1564 1566
1412 -1
1416 -1
1433 -1
1451 -1
1484 -1
1510 -1
1517 -1
1519 -1
1540 -1
