1284 1291
1283 1305
1289 1311
1314 1315
1311 1321
1313 1322
1320 1323
1286 1328
1316 1329
1314 1335
1284 1337
1338 1343
1347 1348
1343 1349
1344 1350
1349 1351
1349 1354
1290 1354
1325 1355
1356 1358
1284 1360
1357 1361
1312 1361
1322 1363
1359 1364
1355 1365
1358 1365
1366 1370
1341 1376
1358 1378
1373 1378
1369 1380
1369 1383
1326 1384
1383 1393
1381 1395
1270 1396
1394 1399
1376 1402
1388 1407
1408 1409
1280 1411
1436 1446
1421 1455
1330 1455
1462 1475
1465 1480
1421 1483
1342 1485
1482 1490
1480 1492
1489 1493
1451 1494
1495 1497
1344 1503
1421 1506
1506 1508
1502 1510
1508 1510
1509 1512
1508 1512
1513 1515
1515 1517
1516 1519
1478 1525
1426 1536
1534 1536
1449 1537
1531 1545
1480 1547
1543 1550
1563 1564
1536 1570
1697 1714
1251 -1
