1337 1348
1360 1363
1364 1368
1382 1383
1356 1385
1375 1387
1382 1387
1393 1394
1394 1399
1407 1410
1394 1412
1413 1415
1410 1419
1373 1421
1392 1424
1380 1430
1425 1431
1417 1431
1424 1433
1419 1435
1375 1436
1435 1442
1411 1444
1433 1446
1415 1449
1427 1450
1452 1453
1453 1459
1435 1460
1467 1472
1469 1472
1466 1473
1464 1474
1468 1475
1433 1475
1480 1484
1485 1497
1498 1501
1457 1501
1508 1518
1509 1522
1520 1522
1509 1525
1517 1526
1525 1529
1528 1530
1529 1531
1535 1537
1533 1537
1519 1538
1538 1539
1539 1540
1538 1542
1537 1543
1544 1546
1544 1546
1544 1549
1549 1553
1552 1556
1558 1559
1572 1575
1407 -1
1414 -1
1421 -1
1455 -1
1488 -1
1504 -1
1511 -1
1521 -1
1541 -1
