1296 1302
1305 1313
1316 1317
1311 1321
1320 1322
1262 1327
1271 1329
1331 1336
1335 1339
1295 1351
1321 1355
1351 1357
1322 1357
1350 1358
1357 1359
1314 1360
1292 1368
1345 1368
1367 1368
1355 1376
1362 1376
1370 1377
1375 1379
1356 1379
1360 1379
1354 1380
1368 1383
1387 1389
1376 1392
1328 1399
1399 1401
1285 1403
1398 1404
1403 1404
1288 1407
1401 1409
1403 1413
1408 1416
1386 1417
1417 1418
1401 1426
1424 1439
1441 1447
1426 1448
1345 1465
1468 1472
1464 1474
1462 1475
1460 1480
1358 1487
1430 1488
1490 1491
1464 1492
1345 1495
1508 1509
1509 1510
1399 1513
1502 1513
1470 1514
1516 1517
1514 1518
1519 1520
1494 1522
1532 1534
1410 1535
1456 1540
1542 1543
1542 1545
1540 1547
1541 1553
1505 1559
1570 1589
1252 -1
