1339 1349
1379 1381
1372 1386
1355 1388
1392 1398
1406 1408
1408 1409
1375 1410
1397 1417
1405 1418
1414 1419
1377 1423
1420 1424
1407 1425
1425 1427
1371 1430
1430 1432
1435 1437
1372 1438
1430 1443
1421 1447
1419 1447
1443 1454
1430 1457
1462 1467
1416 1468
1472 1474
1474 1475
1473 1480
1482 1483
1464 1492
1481 1492
1490 1494
1486 1494
1481 1495
1495 1496
1445 1499
1500 1503
1496 1505
1502 1511
1502 1516
1508 1519
1516 1519
1518 1523
1522 1523
1520 1524
1520 1530
1521 1530
1536 1538
1538 1541
1540 1542
1538 1543
1543 1544
1542 1552
1550 1553
1553 1554
1550 1554
1546 1555
1557 1561
1565 1571
1408 -1
1410 -1
1422 -1
1456 -1
1485 -1
1509 -1
1515 -1
1516 -1
1537 -1
