1308 1310
1301 1318
1283 1319
1319 1320
1292 1322
1295 1326
1313 1326
1320 1326
1313 1328
1318 1330
1336 1342
1341 1354
1300 1354
1349 1359
1329 1359
1353 1359
1309 1364
1353 1364
1359 1369
1369 1370
1286 1372
1366 1373
1358 1375
1335 1376
1369 1378
1324 1379
1349 1380
1378 1390
1396 1397
1388 1400
1400 1401
1387 1402
1394 1403
1397 1403
1391 1409
1284 1409
1277 1411
1415 1417
1425 1426
1435 1445
1326 1445
1420 1450
1457 1463
1458 1472
1466 1475
1411 1483
1480 1491
1347 1493
1487 1493
1492 1494
1338 1500
1448 1504
1499 1507
1416 1510
1513 1514
1511 1515
1505 1517
1474 1527
1427 1533
1452 1536
1531 1536
1539 1544
1548 1555
1487 1555
1551 1557
1560 1563
1553 1591
1717 1735
1276 -1
