1283 1284
1284 1302
1262 1302
1308 1311
1298 1321
1307 1322
1293 1329
1276 1330
1329 1330
1326 1332
1333 1336
1309 1341
1310 1343
1339 1344
1330 1344
1283 1344
1316 1344
1359 1360
1311 1361
1351 1362
1353 1368
1331 1368
1345 1369
1361 1371
1364 1371
1374 1376
1374 1376
1372 1377
1373 1378
1261 1380
1370 1385
1326 1386
1379 1389
1388 1391
1372 1392
1396 1398
1364 1398
1275 1400
1396 1401
1385 1410
1411 1413
1405 1421
1425 1428
1413 1435
1433 1450
1328 1456
1463 1465
1465 1474
1460 1474
1431 1478
1466 1480
1348 1489
1329 1500
1460 1501
1505 1506
1492 1508
1422 1511
1504 1512
1513 1518
1458 1523
1426 1529
1530 1531
1449 1534
1529 1536
1520 1539
1479 1554
1557 1566
1532 1573
1698 1706
1701 1706
1697 1709
1240 -1
