1293 1296
1283 1300
1303 1307
1289 1318
1316 1319
1315 1326
1287 1326
1330 1332
1330 1334
1329 1335
1287 1343
1318 1343
1341 1344
1284 1346
1330 1347
1326 1350
1338 1352
1352 1359
1357 1363
1318 1365
1320 1365
1356 1367
1335 1367
1360 1368
1359 1370
1367 1372
1372 1377
1367 1379
1381 1382
1345 1383
1318 1386
1374 1387
1282 1388
1372 1389
1390 1391
1375 1391
1374 1400
1287 1405
1380 1405
1407 1412
1398 1417
1436 1443
1420 1451
1323 1454
1455 1459
1461 1475
1424 1478
1472 1479
1466 1480
1484 1487
1343 1488
1451 1489
1485 1493
1349 1496
1504 1505
1432 1506
1506 1507
1500 1510
1505 1512
1508 1517
1517 1518
1500 1518
1458 1521
1422 1521
1443 1538
1535 1541
1473 1541
1514 1544
1545 1551
1563 1567
1532 1569
1708 1721
1235 -1
