1281 1285
1277 1291
1274 1310
1303 1314
1310 1316
1312 1321
1301 1326
1327 1329
1292 1335
1296 1338
1315 1345
1306 1346
1312 1348
1344 1351
1353 1354
1355 1357
1347 1359
1341 1363
1293 1364
1358 1373
1365 1376
1345 1379
1372 1379
1379 1380
1328 1380
1376 1383
1357 1384
1378 1389
1266 1394
1380 1394
1391 1396
1386 1401
1403 1404
1382 1412
1415 1417
1266 1420
1405 1425
1324 1451
1440 1452
1424 1454
1461 1472
1464 1475
1467 1481
1470 1482
1357 1487
1424 1489
1452 1490
1492 1497
1332 1501
1434 1506
1500 1511
1512 1513
1503 1514
1515 1516
1516 1518
1515 1518
1467 1521
1429 1532
1448 1536
1529 1538
1536 1545
1544 1549
1528 1551
1485 1554
1550 1561
1541 1576
1714 1716
1703 1721
1246 -1
