1336 1345
1362 1365
1379 1380
1384 1386
1373 1390
1360 1391
1396 1400
1390 1412
1378 1412
1378 1419
1419 1423
1418 1425
1411 1427
1426 1428
1426 1430
1426 1432
1432 1434
1434 1436
1423 1439
1370 1439
1414 1441
1416 1441
1373 1446
1411 1448
1439 1468
1464 1475
1472 1478
1477 1480
1479 1482
1484 1486
1479 1490
1453 1491
1490 1491
1493 1499
1479 1500
1492 1501
1494 1501
1495 1501
1448 1502
1513 1514
1510 1515
1505 1521
1525 1526
1521 1528
1525 1528
1524 1532
1533 1535
1536 1537
1534 1541
1540 1541
1538 1542
1547 1549
1547 1550
1544 1551
1535 1553
1556 1557
1560 1565
1563 1577
1568 1577
1406 -1
1408 -1
1417 -1
1453 -1
1487 -1
1512 -1
1520 -1
1521 -1
1543 -1
