1260 1293
1306 1310
1280 1311
1300 1316
1309 1316
1308 1318
1319 1321
1296 1325
1293 1334
1312 1336
1306 1336
1332 1337
1339 1344
1318 1345
1337 1353
1349 1354
1316 1361
1360 1362
1349 1362
1303 1364
1365 1366
1364 1369
1362 1373
1363 1374
1323 1374
1359 1380
1349 1382
1258 1387
1384 1387
1333 1387
1382 1389
1387 1393
1376 1395
1392 1397
1395 1398
1380 1398
1382 1399
1399 1403
1376 1411
1394 1416
1278 1417
1399 1422
1333 1450
1429 1456
1444 1459
1461 1473
1457 1473
1422 1474
1477 1484
1487 1489
1357 1489
1455 1497
1339 1502
1425 1515
1498 1515
1507 1515
1514 1517
1513 1519
1519 1521
1523 1524
1469 1524
1450 1529
1525 1531
1527 1535
1431 1538
1486 1553
1559 1562
1551 1570
1540 1575
1678 1686
1685 1692
1232 -1
