1341 1353
1361 1362
1367 1379
1378 1379
1356 1398
1398 1399
1396 1401
1404 1407
1406 1413
1397 1423
1420 1426
1379 1427
1427 1431
1417 1431
1399 1431
1431 1433
1371 1436
1372 1440
1444 1445
1434 1450
1426 1450
1447 1451
1435 1452
1437 1452
1425 1459
1468 1470
1474 1476
1468 1479
1420 1480
1476 1480
1478 1483
1483 1486
1473 1486
1486 1492
1464 1495
1444 1496
1494 1497
1494 1497
1491 1498
1499 1502
1509 1513
1509 1513
1518 1519
1512 1521
1520 1521
1505 1523
1521 1524
1520 1525
1529 1530
1528 1530
1530 1536
1540 1541
1540 1542
1541 1543
1542 1544
1543 1544
1542 1545
1549 1551
1552 1556
1559 1562
1559 1563
1564 1570
1563 1570
1569 1571
1568 1571
1416 -1
1423 -1
1426 -1
1456 -1
1479 -1
1512 -1
1521 -1
1523 -1
1540 -1
