1273 1305
1303 1309
1284 1313
1312 1317
1305 1321
1287 1322
1316 1322
1311 1332
1290 1333
1313 1339
1312 1345
1341 1345
1345 1348
1349 1351
1312 1352
1287 1361
1342 1363
1350 1365
1329 1365
1351 1373
1372 1374
1365 1374
1270 1375
1366 1375
1362 1377
1372 1377
1379 1381
1359 1384
1323 1386
1383 1396
1393 1401
1389 1402
1401 1405
1387 1407
1279 1407
1389 1407
1389 1414
1396 1421
1420 1426
1426 1445
1328 1450
1448 1459
1456 1462
1443 1467
1421 1477
1466 1478
1468 1481
1455 1482
1471 1483
1343 1485
1493 1495
1432 1503
1341 1503
1497 1509
1502 1513
1468 1520
1515 1521
1521 1526
1519 1529
1441 1530
1536 1538
1429 1539
1485 1550
1557 1567
1535 1576
1700 1703
1695 1715
1248 -1
