1314 1326
1290 1329
1314 1332
1317 1334
1324 1335
1333 1336
1326 1338
1283 1339
1302 1341
1316 1344
1345 1346
1284 1346
1347 1357
1352 1357
1348 1358
1357 1365
1360 1366
1351 1368
1365 1371
1358 1373
1369 1373
1359 1374
1299 1375
1346 1378
1377 1379
1340 1379
1252 1383
1357 1383
1374 1383
1375 1384
1390 1393
1387 1396
1317 1396
1395 1398
1386 1401
1371 1401
1380 1403
1407 1408
1401 1411
1392 1414
1311 1417
1427 1432
1423 1435
1330 1454
1427 1458
1449 1461
1449 1467
1466 1468
1422 1478
1468 1481
1472 1486
1362 1487
1488 1493
1459 1494
1353 1499
1413 1507
1493 1509
1507 1515
1476 1519
1516 1521
1522 1525
1522 1526
1526 1532
1442 1537
1434 1538
1542 1550
1546 1552
1553 1559
1502 1563
1553 1568
1567 1579
1654 1655
1247 -1
