1344 1354
1370 1371
1379 1388
1388 1391
1365 1395
1400 1409
1396 1412
1389 1413
1380 1423
1384 1426
1423 1428
1417 1429
1427 1432
1428 1436
1436 1437
1432 1440
1442 1444
1440 1452
1425 1452
1380 1454
1446 1463
1433 1464
1428 1466
1463 1467
1475 1479
1490 1496
1489 1497
1468 1498
1502 1503
1495 1503
1450 1504
1496 1506
1507 1514
1504 1515
1520 1521
1520 1522
1520 1524
1527 1529
1525 1530
1529 1538
1532 1539
1546 1549
1546 1550
1546 1551
1541 1553
1557 1558
1559 1567
1571 1578
1561 1581
1400 -1
1404 -1
1425 -1
1458 -1
1488 -1
1510 -1
1519 -1
1519 -1
1546 -1
