1348 1359
1361 1362
1357 1391
1384 1392
1396 1397
1394 1398
1397 1402
1409 1412
1398 1416
1410 1417
1391 1420
1420 1422
1391 1422
1419 1424
1421 1428
1427 1431
1416 1432
1376 1437
1381 1441
1427 1442
1414 1446
1430 1447
1449 1450
1416 1453
1441 1455
1454 1461
1434 1462
1471 1476
1478 1487
1491 1494
1488 1495
1493 1496
1465 1497
1493 1497
1444 1497
1496 1498
1495 1500
1518 1521
1510 1524
1512 1525
1523 1530
1529 1532
1530 1532
1528 1532
1527 1533
1533 1534
1531 1535
1532 1538
1538 1539
1544 1545
1546 1549
1549 1550
1548 1550
1548 1550
1549 1550
1549 1551
1550 1551
1547 1552
1556 1558
1554 1563
1558 1564
1572 1576
1412 -1
1414 -1
1424 -1
1464 -1
1491 -1
1513 -1
1520 -1
1524 -1
1548 -1
