1334 1347
1361 1372
1358 1394
1398 1399
1406 1407
1405 1408
1411 1412
1411 1412
1409 1413
1408 1413
1359 1415
1401 1419
1384 1419
1393 1419
1414 1425
1418 1427
1408 1428
1419 1431
1418 1433
1431 1436
1415 1444
1409 1446
1382 1447
1433 1449
1452 1453
1425 1455
1452 1458
1466 1470
1470 1472
1475 1476
1434 1478
1479 1480
1482 1489
1485 1492
1492 1497
1493 1497
1468 1499
1499 1503
1503 1513
1506 1519
1515 1522
1522 1523
1524 1525
1524 1526
1520 1527
1526 1527
1541 1542
1540 1542
1542 1543
1546 1548
1545 1548
1548 1549
1545 1549
1558 1561
1557 1562
1553 1563
1568 1574
1405 -1
1408 -1
1420 -1
1464 -1
1483 -1
1504 -1
1517 -1
1522 -1
1543 -1
