1314 1315
1350 1356
1348 1360
1359 1360
1361 1362
1363 1367
1362 1380
1378 1383
1384 1385
1390 1391
1380 1394
1385 1398
1396 1401
1388 1402
1396 1403
1383 1418
1409 1422
1417 1423
1429 1433
1425 1435
1363 1439
1437 1439
1428 1440
1442 1444
1437 1446
1437 1449
1428 1449
1451 1453
1441 1454
1437 1457
1446 1457
1455 1458
1458 1459
1434 1462
1437 1462
1458 1465
1431 1466
1465 1467
1435 1478
1491 1492
1490 1493
1490 1500
1504 1509
1512 1513
1474 1515
1508 1515
1514 1516
1516 1518
1513 1519
1504 1519
1524 1525
1529 1532
1529 1532
1523 1534
1536 1540
1540 1541
1532 1543
1544 1546
1549 1550
1547 1551
1558 1563
1556 1565
1573 1585
1579 1588
1406 -1
1408 -1
1428 -1
1456 -1
1494 -1
1505 -1
1513 -1
1519 -1
1535 -1
