1283 1302
1298 1304
1307 1309
1279 1311
1308 1312
1271 1312
1281 1321
1321 1324
1303 1331
1287 1334
1335 1347
1343 1352
1295 1354
1310 1358
1355 1359
1358 1362
1359 1364
1353 1365
1359 1368
1328 1372
1308 1373
1366 1373
1357 1375
1373 1375
1375 1377
1356 1378
1379 1380
1368 1380
1372 1383
1390 1391
1267 1392
1329 1393
1384 1396
1403 1405
1395 1409
1408 1412
1388 1414
1401 1415
1400 1415
1379 1417
1277 1419
1401 1420
1397 1425
1446 1447
1429 1449
1332 1449
1446 1457
1460 1469
1468 1475
1430 1480
1472 1481
1463 1484
1470 1485
1354 1486
1451 1495
1336 1498
1502 1507
1505 1511
1510 1511
1500 1512
1422 1518
1467 1518
1521 1522
1522 1523
1453 1531
1531 1532
1527 1533
1429 1540
1495 1555
1554 1566
1556 1569
1552 1591
1686 1708
1256 -1
