1257 1300
1286 1308
1298 1309
1307 1310
1318 1319
1319 1320
1289 1324
1303 1326
1297 1327
1282 1328
1313 1331
1304 1331
1340 1349
1348 1355
1342 1357
1355 1360
1314 1360
1293 1363
1358 1366
1361 1366
1350 1369
1364 1369
1338 1370
1350 1379
1255 1380
1382 1383
1383 1385
1373 1387
1367 1388
1325 1390
1393 1396
1392 1397
1382 1398
1379 1399
1380 1408
1275 1408
1413 1414
1397 1416
1403 1424
1426 1430
1445 1448
1421 1449
1325 1452
1444 1458
1451 1464
1455 1472
1459 1473
1420 1475
1470 1481
1449 1485
1353 1489
1344 1498
1506 1508
1421 1511
1487 1515
1466 1517
1517 1518
1513 1518
1525 1528
1446 1529
1527 1532
1522 1534
1431 1538
1492 1559
1552 1569
1534 1573
1697 1698
1706 1708
1694 1710
1226 -1
