1293 1303
1268 1306
1278 1312
1316 1317
1276 1324
1301 1325
1324 1325
1306 1327
1285 1337
1309 1339
1310 1341
1343 1344
1344 1349
1343 1349
1349 1355
1311 1358
1342 1359
1355 1361
1290 1362
1362 1363
1368 1369
1368 1369
1365 1370
1346 1377
1339 1378
1259 1386
1376 1386
1363 1391
1313 1393
1376 1400
1398 1400
1400 1401
1379 1402
1397 1404
1283 1407
1386 1411
1399 1422
1407 1422
1422 1443
1442 1457
1335 1457
1453 1469
1463 1474
1471 1482
1471 1482
1470 1484
1436 1486
1356 1492
1457 1493
1337 1501
1500 1503
1420 1505
1493 1510
1510 1511
1505 1512
1468 1518
1518 1521
1521 1522
1521 1527
1524 1528
1448 1534
1423 1543
1490 1554
1548 1565
1543 1572
1654 1660
1678 1681
1245 -1
