1267 1306
1309 1315
1299 1317
1270 1318
1287 1320
1317 1321
1323 1324
1314 1325
1311 1330
1339 1340
1301 1342
1346 1352
1317 1356
1309 1357
1353 1357
1346 1359
1351 1359
1358 1360
1356 1360
1358 1364
1326 1364
1360 1366
1292 1373
1341 1378
1374 1380
1309 1380
1371 1380
1379 1382
1397 1399
1390 1403
1264 1404
1398 1408
1404 1410
1389 1411
1285 1413
1381 1416
1393 1417
1412 1418
1423 1443
1326 1449
1440 1455
1431 1456
1459 1469
1465 1472
1462 1476
1455 1480
1429 1483
1354 1486
1451 1488
1476 1488
1494 1495
1354 1498
1420 1506
1494 1506
1506 1509
1507 1511
1506 1513
1457 1513
1519 1524
1432 1535
1452 1535
1531 1537
1539 1542
1494 1561
1552 1563
1559 1563
1565 1596
1706 1722
1254 -1
