1291 1302
1288 1305
1283 1315
1308 1322
1288 1323
1321 1328
1295 1329
1333 1335
1322 1340
1316 1343
1347 1351
1333 1352
1349 1355
1348 1356
1305 1356
1353 1357
1349 1361
1358 1364
1325 1364
1351 1365
1337 1368
1366 1372
1286 1372
1375 1378
1374 1379
1340 1382
1327 1382
1351 1383
1381 1394
1382 1396
1380 1399
1395 1400
1396 1400
1395 1400
1273 1402
1400 1403
1387 1404
1300 1405
1388 1406
1409 1414
1412 1417
1443 1450
1333 1452
1424 1456
1456 1457
1460 1475
1464 1476
1422 1481
1476 1486
1483 1488
1348 1490
1484 1490
1450 1492
1348 1504
1500 1505
1421 1506
1503 1516
1514 1517
1470 1519
1519 1527
1420 1533
1445 1534
1529 1541
1470 1544
1545 1550
1561 1567
1533 1573
1693 1718
1249 -1
