1285 1292
1281 1294
1302 1303
1277 1310
1311 1313
1311 1320
1310 1324
1303 1326
1297 1326
1301 1330
1289 1337
1323 1344
1292 1344
1310 1345
1346 1348
1339 1354
1349 1357
1347 1363
1291 1365
1354 1368
1369 1370
1328 1370
1372 1374
1368 1375
1340 1379
1371 1380
1342 1388
1386 1388
1269 1390
1386 1391
1385 1393
1386 1400
1381 1400
1390 1400
1381 1403
1401 1407
1381 1412
1415 1416
1279 1418
1444 1454
1323 1455
1454 1456
1428 1462
1455 1463
1454 1470
1422 1477
1462 1478
1472 1483
1453 1488
1483 1490
1354 1492
1488 1494
1330 1499
1428 1503
1492 1506
1502 1515
1509 1516
1517 1519
1467 1522
1519 1522
1432 1531
1447 1531
1524 1534
1520 1545
1474 1545
1542 1547
1539 1547
1552 1559
1533 1571
1716 1717
1704 1728
1239 -1
