1358 1361
1353 1368
1376 1377
1376 1378
1375 1378
1377 1380
1400 1402
1395 1407
1395 1407
1401 1409
1396 1412
1410 1414
1389 1417
1421 1426
1419 1431
1427 1432
1430 1434
1426 1443
1445 1447
1444 1448
1440 1450
1448 1451
1419 1452
1450 1453
1447 1456
1444 1457
1439 1458
1446 1458
1459 1461
1381 1464
1438 1466
1435 1470
1477 1479
1491 1492
1495 1498
1472 1500
1497 1506
1514 1518
1511 1518
1508 1522
1523 1524
1521 1527
1527 1528
1469 1529
1538 1540
1524 1543
1544 1548
1550 1551
1548 1552
1540 1554
1560 1577
1583 1586
1569 1596
1420 -1
1422 -1
1431 -1
1488 -1
1496 -1
1516 -1
1520 -1
1522 -1
1541 -1
