1342 1349
1346 1363
1369 1370
1369 1373
1376 1383
1381 1383
1378 1383
1375 1389
1392 1394
1385 1398
1393 1399
1401 1403
1404 1405
1390 1407
1395 1408
1412 1422
1388 1425
1427 1428
1423 1430
1425 1430
1430 1432
1427 1434
1435 1436
1434 1437
1422 1438
1422 1440
1433 1442
1435 1443
1370 1445
1446 1448
1432 1448
1424 1449
1441 1452
1451 1455
1450 1457
1430 1462
1466 1468
1443 1470
1472 1474
1441 1477
1475 1479
1488 1490
1492 1493
1487 1496
1504 1506
1506 1507
1505 1514
1503 1517
1515 1517
1515 1520
1517 1520
1477 1522
1528 1529
1536 1537
1533 1538
1523 1540
1531 1541
1544 1545
1545 1546
1541 1546
1559 1562
1562 1564
1557 1567
1568 1573
1572 1587
1408 -1
1417 -1
1421 -1
1463 -1
1497 -1
1502 -1
1508 -1
1517 -1
1535 -1
