1309 1313
1294 1313
1268 1322
1309 1325
1326 1327
1260 1334
1337 1344
1341 1344
1330 1352
1309 1355
1337 1358
1303 1360
1318 1361
1357 1361
1355 1363
1363 1365
1360 1365
1354 1369
1348 1371
1370 1371
1354 1372
1346 1372
1366 1373
1374 1375
1373 1376
1373 1377
1378 1380
1291 1383
1378 1384
1378 1389
1292 1393
1393 1395
1313 1396
1392 1400
1293 1400
1402 1404
1366 1405
1395 1406
1401 1406
1405 1407
1408 1413
1429 1430
1428 1438
1447 1452
1436 1453
1358 1459
1454 1472
1468 1478
1431 1485
1457 1486
1356 1486
1467 1492
1498 1499
1354 1503
1403 1514
1471 1515
1513 1516
1504 1517
1512 1519
1519 1520
1501 1520
1531 1532
1453 1534
1417 1540
1536 1540
1539 1547
1543 1548
1543 1550
1512 1560
1574 1589
1624 1626
1257 -1
