1357 1360
1360 1363
1355 1380
1376 1381
1400 1402
1388 1403
1398 1404
1398 1404
1402 1404
1402 1410
1407 1411
1403 1412
1409 1415
1414 1423
1425 1426
1419 1427
1405 1427
1417 1432
1386 1437
1436 1438
1430 1440
1436 1441
1438 1445
1442 1445
1436 1446
1443 1446
1381 1447
1439 1449
1426 1452
1449 1454
1454 1463
1430 1467
1464 1468
1463 1474
1486 1488
1487 1490
1470 1497
1451 1498
1493 1499
1502 1503
1499 1505
1513 1516
1516 1518
1514 1519
1516 1520
1515 1520
1520 1521
1504 1522
1526 1529
1529 1530
1528 1530
1531 1533
1531 1536
1536 1537
1538 1539
1538 1544
1545 1547
1548 1549
1552 1554
1550 1555
1560 1561
1560 1561
1560 1563
1562 1572
1567 1593
1587 1595
1409 -1
1421 -1
1422 -1
1476 -1
1496 -1
1509 -1
1516 -1
1519 -1
1540 -1
