1354 1366
1364 1376
1377 1380
1378 1381
1381 1383
1383 1384
1385 1386
1378 1388
1383 1389
1387 1396
1381 1397
1405 1411
1397 1412
1412 1418
1415 1420
1412 1420
1407 1421
1422 1423
1382 1426
1419 1431
1421 1435
1425 1442
1441 1443
1440 1444
1370 1446
1445 1453
1438 1456
1435 1458
1457 1459
1456 1459
1435 1460
1456 1462
1463 1464
1464 1466
1470 1474
1427 1475
1472 1476
1441 1481
1488 1496
1504 1505
1506 1507
1502 1512
1470 1516
1508 1518
1521 1524
1528 1529
1525 1530
1531 1532
1529 1532
1531 1533
1533 1534
1537 1538
1538 1539
1530 1540
1536 1540
1535 1542
1542 1544
1545 1546
1549 1552
1556 1560
1565 1569
1558 1571
1581 1589
1573 1590
1414 -1
1416 -1
1426 -1
1460 -1
1490 -1
1501 -1
1508 -1
1515 -1
1536 -1
