1302 1304
1314 1324
1285 1324
1319 1326
1279 1327
1308 1328
1327 1332
1312 1334
1320 1335
1304 1337
1299 1339
1336 1343
1321 1344
1349 1357
1359 1360
1359 1360
1359 1364
1354 1364
1323 1365
1358 1368
1355 1370
1334 1372
1368 1374
1375 1376
1311 1379
1261 1380
1359 1384
1372 1384
1357 1387
1323 1392
1392 1394
1383 1400
1379 1402
1385 1402
1397 1404
1392 1405
1405 1415
1289 1415
1403 1417
1391 1428
1416 1429
1418 1442
1439 1442
1343 1458
1450 1467
1447 1471
1464 1477
1466 1478
1426 1480
1365 1487
1477 1490
1484 1491
1462 1494
1351 1499
1415 1506
1487 1508
1506 1511
1512 1520
1521 1525
1476 1529
1452 1530
1527 1531
1534 1536
1443 1542
1558 1559
1510 1566
1557 1571
1563 1586
1651 1653
1663 1672
1256 -1
