1290 1292
1291 1302
1306 1310
1257 1318
1263 1327
1338 1339
1326 1339
1340 1343
1309 1344
1348 1349
1292 1350
1350 1355
1357 1361
1343 1361
1347 1362
1303 1363
1360 1367
1344 1372
1283 1375
1357 1376
1367 1376
1363 1378
1345 1380
1375 1381
1370 1382
1309 1384
1383 1385
1375 1388
1295 1391
1393 1394
1388 1400
1392 1405
1271 1405
1394 1410
1409 1411
1372 1412
1411 1416
1416 1419
1428 1449
1427 1449
1354 1455
1453 1458
1452 1461
1464 1466
1463 1475
1424 1477
1486 1489
1462 1490
1363 1490
1468 1491
1346 1493
1498 1499
1507 1509
1509 1511
1504 1511
1506 1512
1494 1515
1407 1518
1470 1520
1447 1531
1527 1532
1531 1535
1419 1540
1534 1542
1545 1560
1502 1560
1562 1564
1580 1599
1239 -1
