1281 1294
1292 1308
1264 1317
1313 1320
1285 1321
1324 1334
1302 1336
1333 1344
1348 1352
1304 1352
1347 1355
1358 1359
1314 1361
1351 1363
1347 1365
1359 1367
1360 1369
1289 1370
1358 1373
1361 1376
1368 1378
1346 1378
1372 1379
1375 1381
1322 1382
1381 1391
1374 1391
1389 1391
1381 1393
1262 1396
1388 1398
1399 1402
1402 1403
1399 1407
1389 1408
1390 1408
1292 1415
1419 1421
1418 1443
1445 1451
1336 1453
1462 1465
1461 1476
1461 1477
1467 1478
1355 1482
1478 1484
1486 1492
1427 1492
1448 1492
1350 1499
1491 1500
1412 1510
1472 1513
1495 1514
1514 1515
1503 1517
1512 1518
1455 1531
1528 1533
1420 1541
1498 1552
1551 1559
1568 1570
1561 1594
1685 1689
1259 -1
