1260 1263
1259 1279
1278 1296
1301 1304
1306 1309
1289 1315
1316 1319
1308 1329
1285 1331
1311 1335
1335 1338
1316 1342
1341 1346
1313 1354
1307 1356
1355 1357
1348 1357
1326 1365
1289 1366
1359 1366
1345 1367
1351 1370
1360 1372
1368 1373
1370 1376
1347 1379
1385 1388
1327 1389
1374 1391
1253 1392
1383 1395
1380 1399
1397 1400
1393 1403
1386 1407
1388 1409
1267 1410
1403 1413
1412 1414
1428 1440
1419 1444
1330 1455
1460 1462
1452 1469
1426 1474
1466 1477
1460 1479
1476 1488
1488 1490
1456 1492
1352 1495
1344 1499
1422 1505
1501 1505
1500 1511
1503 1511
1513 1521
1518 1522
1518 1522
1523 1528
1473 1528
1428 1533
1529 1536
1448 1539
1493 1554
1553 1562
1539 1584
1692 1699
1702 1703
1246 -1
