1361 1362
1360 1362
1360 1384
1387 1390
1393 1399
1390 1399
1377 1402
1397 1403
1409 1411
1393 1415
1413 1428
1426 1431
1423 1434
1388 1434
1431 1440
1438 1440
1375 1440
1432 1442
1427 1443
1434 1445
1436 1456
1458 1462
1442 1466
1464 1468
1464 1473
1466 1474
1479 1480
1435 1483
1492 1499
1457 1500
1497 1501
1500 1502
1471 1505
1507 1508
1502 1509
1514 1516
1519 1520
1518 1521
1510 1521
1511 1522
1525 1526
1528 1533
1522 1537
1542 1545
1547 1548
1547 1548
1545 1548
1546 1549
1545 1551
1549 1553
1560 1566
1563 1567
1561 1588
1587 1596
1410 -1
1416 -1
1419 -1
1474 -1
1490 -1
1506 -1
1512 -1
1521 -1
1538 -1
