1344 1354
1362 1364
1377 1379
1385 1386
1380 1386
1385 1387
1386 1390
1392 1393
1379 1394
1392 1398
1397 1400
1384 1401
1379 1411
1409 1412
1412 1413
1412 1413
1406 1413
1413 1415
1411 1415
1404 1418
1418 1421
1409 1422
1418 1425
1417 1429
1403 1431
1368 1434
1423 1435
1434 1437
1427 1441
1438 1446
1426 1446
1407 1453
1456 1458
1458 1463
1465 1466
1465 1466
1476 1480
1433 1480
1479 1481
1492 1493
1482 1494
1455 1499
1505 1519
1510 1522
1511 1523
1523 1525
1523 1527
1527 1529
1526 1529
1532 1536
1539 1541
1542 1544
1543 1545
1545 1546
1542 1550
1547 1551
1556 1558
1556 1566
1567 1569
1570 1578
1408 -1
1411 -1
1411 -1
1456 -1
1489 -1
1507 -1
1509 -1
1510 -1
1534 -1
