1330 1346
1354 1355
1354 1357
1367 1379
1380 1382
1352 1395
1400 1405
1398 1405
1394 1413
1414 1416
1413 1418
1393 1426
1425 1426
1413 1429
1368 1432
1430 1433
1381 1435
1377 1436
1428 1436
1435 1436
1435 1450
1449 1452
1440 1453
1433 1454
1425 1454
1422 1457
1425 1459
1471 1479
1478 1479
1470 1480
1481 1482
1478 1483
1476 1483
1488 1489
1478 1496
1459 1496
1474 1497
1497 1501
1498 1501
1443 1501
1494 1502
1498 1502
1514 1517
1507 1517
1522 1523
1521 1523
1513 1523
1519 1523
1508 1523
1525 1526
1519 1527
1533 1535
1537 1538
1540 1541
1544 1549
1547 1549
1547 1550
1549 1551
1545 1554
1557 1558
1565 1566
1558 1568
1563 1570
1412 -1
1421 -1
1426 -1
1446 -1
1483 -1
1515 -1
1518 -1
1519 -1
1536 -1
