1331 1347
1350 1351
1353 1355
1367 1379
1345 1382
1395 1396
1398 1407
1391 1409
1417 1418
1387 1419
1413 1422
1395 1427
1413 1428
1432 1433
1432 1434
1367 1434
1430 1434
1433 1435
1373 1438
1436 1442
1442 1443
1447 1448
1436 1449
1416 1452
1443 1453
1438 1453
1418 1464
1430 1468
1469 1473
1468 1474
1470 1476
1470 1477
1472 1482
1488 1489
1479 1492
1491 1494
1479 1494
1490 1495
1468 1503
1447 1505
1501 1508
1502 1513
1512 1513
1514 1517
1517 1518
1510 1519
1501 1519
1514 1526
1537 1538
1537 1539
1526 1541
1542 1545
1544 1547
1543 1547
1546 1550
1544 1550
1540 1552
1561 1563
1559 1564
1553 1568
1564 1570
1410 -1
1410 -1
1427 -1
1447 -1
1486 -1
1500 -1
1506 -1
1518 -1
1535 -1
