1287 1303
1312 1316
1287 1318
1280 1326
1266 1326
1295 1336
1328 1338
1293 1341
1331 1346
1350 1353
1301 1356
1312 1358
1353 1358
1350 1360
1359 1363
1353 1364
1301 1364
1362 1364
1367 1368
1367 1371
1344 1376
1352 1378
1358 1379
1347 1381
1381 1383
1385 1387
1384 1388
1385 1389
1374 1389
1384 1392
1261 1393
1326 1402
1391 1405
1408 1415
1392 1417
1390 1419
1283 1421
1380 1422
1410 1423
1419 1436
1428 1450
1330 1452
1450 1454
1451 1460
1467 1475
1471 1478
1467 1481
1453 1482
1427 1483
1347 1484
1447 1485
1484 1488
1354 1492
1498 1500
1505 1509
1468 1513
1506 1514
1494 1515
1416 1520
1520 1524
1523 1526
1452 1530
1426 1533
1545 1563
1507 1565
1562 1568
1558 1584
1672 1687
1260 -1
