1346 1354
1363 1364
1363 1364
1374 1377
1382 1383
1370 1384
1382 1388
1384 1388
1386 1389
1389 1391
1390 1391
1380 1396
1389 1404
1370 1404
1403 1408
1404 1409
1404 1413
1411 1415
1400 1416
1411 1418
1415 1420
1419 1422
1418 1430
1410 1431
1369 1433
1433 1434
1435 1436
1431 1441
1443 1444
1419 1445
1425 1446
1421 1447
1441 1450
1447 1452
1417 1453
1454 1461
1464 1465
1469 1472
1422 1472
1480 1483
1487 1491
1495 1497
1495 1499
1497 1499
1496 1499
1507 1508
1465 1512
1508 1512
1507 1516
1508 1518
1516 1518
1515 1522
1520 1523
1524 1527
1526 1528
1527 1528
1529 1530
1532 1533
1533 1534
1529 1535
1539 1540
1542 1543
1545 1547
1547 1548
1542 1551
1552 1553
1557 1559
1550 1564
1570 1572
1572 1573
1576 1587
1408 -1
1412 -1
1416 -1
1453 -1
1485 -1
1509 -1
1512 -1
1513 -1
1533 -1
