1384 1386
1387 1389
1368 1401
1386 1401
1394 1405
1409 1411
1414 1415
1393 1416
1417 1421
1422 1423
1414 1429
1423 1429
1417 1429
1417 1436
1431 1437
1432 1438
1412 1440
1430 1441
1430 1441
1442 1445
1383 1445
1432 1445
1447 1449
1430 1451
1438 1463
1458 1469
1400 1471
1473 1475
1465 1479
1486 1488
1429 1493
1492 1494
1488 1499
1478 1501
1498 1503
1454 1507
1516 1519
1516 1520
1517 1521
1514 1522
1521 1526
1511 1527
1526 1537
1535 1541
1533 1541
1516 1545
1550 1552
1548 1553
1553 1556
1558 1561
1543 1564
1568 1575
1579 1580
1578 1582
1565 1584
1411 -1
1416 -1
1424 -1
1481 -1
1494 -1
1509 -1
1515 -1
1519 -1
1538 -1
