1351 1355
1359 1361
1362 1380
1383 1393
1395 1400
1401 1402
1404 1405
1394 1406
1392 1411
1404 1416
1410 1417
1379 1420
1422 1426
1422 1428
1410 1429
1429 1431
1420 1433
1426 1435
1428 1435
1435 1436
1423 1437
1435 1441
1426 1441
1424 1447
1374 1449
1440 1451
1422 1452
1450 1465
1462 1466
1465 1466
1468 1469
1474 1476
1486 1488
1438 1490
1496 1497
1497 1499
1500 1504
1501 1505
1473 1511
1509 1516
1510 1517
1519 1520
1519 1521
1519 1522
1528 1529
1526 1534
1528 1535
1530 1536
1539 1540
1542 1543
1542 1545
1545 1547
1546 1547
1541 1547
1548 1552
1551 1556
1557 1564
1562 1565
1565 1594
1410 -1
1420 -1
1422 -1
1471 -1
1489 -1
1504 -1
1511 -1
1514 -1
1541 -1
