1331 1346
1364 1365
1379 1382
1380 1393
1392 1395
1368 1405
1403 1408
1381 1412
1411 1412
1390 1417
1400 1419
1419 1422
1378 1425
1424 1426
1374 1435
1424 1438
1435 1438
1437 1440
1440 1441
1439 1441
1429 1444
1432 1444
1439 1445
1430 1451
1428 1453
1424 1455
1377 1458
1422 1467
1469 1476
1467 1477
1470 1477
1475 1479
1480 1483
1474 1485
1489 1490
1486 1491
1486 1493
1437 1495
1492 1495
1493 1496
1460 1498
1499 1500
1495 1500
1512 1513
1518 1519
1510 1519
1520 1521
1518 1521
1520 1521
1516 1521
1509 1522
1526 1528
1523 1529
1527 1532
1522 1535
1536 1541
1540 1541
1540 1542
1539 1543
1540 1544
1542 1547
1547 1548
1549 1552
1551 1552
1542 1557
1552 1557
1553 1564
1564 1566
1560 1575
1408 -1
1410 -1
1417 -1
1456 -1
1481 -1
1510 -1
1519 -1
1523 -1
1538 -1
