1274 1313
1285 1313
1312 1323
1276 1324
1307 1327
1328 1330
1317 1332
1310 1332
1284 1336
1311 1339
1308 1339
1336 1342
1333 1350
1350 1352
1347 1352
1352 1353
1347 1358
1307 1358
1339 1360
1287 1362
1338 1362
1366 1367
1367 1368
1351 1368
1369 1372
1368 1373
1371 1375
1358 1379
1310 1381
1373 1384
1358 1388
1253 1389
1391 1395
1394 1396
1284 1403
1376 1403
1388 1405
1394 1408
1403 1418
1401 1424
1423 1441
1326 1453
1447 1459
1453 1471
1421 1476
1461 1477
1466 1478
1472 1481
1350 1487
1458 1495
1418 1504
1336 1504
1502 1511
1511 1516
1463 1516
1490 1519
1521 1522
1524 1530
1528 1532
1443 1534
1427 1539
1486 1551
1547 1561
1545 1575
1694 1697
1695 1698
1693 1700
1243 -1
