1344 1349
1364 1365
1365 1367
1370 1373
1371 1374
1371 1376
1372 1383
1383 1385
1385 1386
1392 1393
1372 1396
1393 1400
1393 1405
1407 1409
1408 1410
1366 1410
1407 1411
1405 1417
1416 1418
1416 1420
1414 1421
1416 1426
1423 1430
1405 1433
1436 1437
1413 1442
1440 1443
1431 1444
1438 1445
1373 1446
1439 1453
1409 1454
1428 1455
1444 1456
1457 1465
1467 1469
1468 1470
1469 1472
1472 1473
1423 1474
1488 1491
1490 1492
1488 1493
1470 1500
1501 1503
1503 1516
1510 1517
1517 1520
1522 1524
1524 1526
1526 1528
1527 1531
1521 1532
1531 1533
1543 1544
1544 1546
1547 1549
1550 1551
1545 1551
1553 1555
1558 1561
1552 1565
1562 1572
1567 1580
1407 -1
1416 -1
1419 -1
1462 -1
1489 -1
1515 -1
1517 -1
1521 -1
1540 -1
