1294 1299
1271 1308
1308 1310
1301 1310
1280 1313
1305 1316
1275 1320
1316 1324
1307 1324
1335 1336
1296 1344
1349 1350
1347 1350
1305 1351
1298 1353
1344 1354
1346 1355
1287 1359
1335 1364
1345 1367
1355 1367
1364 1369
1352 1370
1345 1372
1371 1377
1380 1381
1370 1388
1265 1388
1320 1394
1375 1402
1388 1404
1384 1407
1388 1410
1396 1410
1401 1412
1414 1415
1274 1415
1414 1434
1427 1446
1441 1450
1342 1457
1466 1470
1457 1480
1468 1481
1426 1483
1468 1483
1485 1488
1461 1490
1356 1491
1492 1493
1493 1495
1348 1499
1417 1509
1502 1513
1469 1514
1495 1516
1513 1517
1528 1532
1421 1540
1453 1540
1552 1553
1504 1555
1554 1563
1558 1580
1681 1686
1676 1688
1264 -1
