1305 1306
1336 1350
1359 1361
1362 1364
1364 1366
1362 1371
1380 1381
1366 1384
1385 1390
1400 1403
1386 1403
1393 1409
1409 1410
1365 1410
1411 1413
1410 1416
1379 1416
1411 1418
1365 1420
1411 1424
1409 1425
1416 1428
1421 1430
1412 1432
1420 1434
1433 1434
1420 1438
1407 1440
1441 1444
1425 1451
1457 1463
1465 1466
1465 1470
1465 1471
1432 1477
1481 1482
1486 1488
1464 1495
1494 1496
1497 1499
1491 1500
1512 1513
1511 1518
1512 1520
1518 1520
1504 1522
1512 1523
1523 1525
1524 1533
1531 1536
1535 1536
1540 1541
1544 1548
1547 1550
1544 1553
1550 1555
1553 1556
1560 1564
1566 1571
1569 1579
1407 -1
1409 -1
1412 -1
1457 -1
1488 -1
1504 -1
1511 -1
1514 -1
1537 -1
