1288 1291
1307 1308
1301 1314
1314 1317
1270 1320
1268 1333
1310 1349
1304 1351
1297 1354
1352 1355
1353 1358
1313 1360
1357 1362
1362 1365
1362 1365
1348 1369
1367 1371
1358 1371
1348 1371
1347 1373
1287 1379
1378 1379
1353 1381
1371 1385
1388 1391
1382 1394
1386 1396
1295 1399
1402 1404
1314 1406
1404 1407
1403 1412
1410 1413
1407 1414
1275 1416
1386 1422
1419 1430
1337 1453
1447 1455
1431 1458
1470 1471
1464 1472
1465 1474
1426 1479
1365 1485
1462 1487
1488 1490
1457 1492
1347 1497
1504 1508
1508 1513
1467 1514
1510 1516
1515 1518
1417 1518
1500 1518
1519 1524
1456 1530
1526 1532
1428 1537
1548 1549
1545 1555
1547 1559
1510 1561
1561 1563
1570 1593
1645 1647
1255 -1
