1344 1351
1362 1364
1361 1378
1376 1380
1382 1385
1385 1390
1377 1390
1386 1400
1396 1401
1381 1403
1404 1407
1378 1415
1399 1416
1408 1423
1416 1424
1423 1427
1427 1428
1424 1428
1420 1430
1420 1430
1429 1431
1420 1433
1374 1435
1435 1437
1416 1437
1431 1440
1414 1444
1434 1451
1454 1457
1474 1478
1433 1483
1481 1483
1491 1493
1495 1497
1500 1501
1501 1503
1500 1503
1460 1503
1507 1509
1507 1510
1506 1511
1514 1515
1500 1519
1518 1521
1521 1523
1533 1534
1529 1538
1537 1543
1544 1545
1542 1545
1544 1553
1552 1570
1569 1586
1406 -1
1407 -1
1413 -1
1455 -1
1485 -1
1504 -1
1510 -1
1512 -1
1532 -1
