1270 1293
1303 1304
1283 1305
1309 1318
1306 1322
1296 1324
1310 1332
1319 1336
1320 1346
1303 1348
1291 1352
1316 1352
1290 1353
1353 1355
1348 1358
1349 1359
1341 1364
1367 1368
1355 1368
1362 1371
1367 1372
1367 1377
1353 1382
1377 1383
1368 1389
1268 1391
1325 1392
1380 1394
1384 1403
1387 1404
1409 1411
1387 1414
1401 1414
1387 1415
1265 1417
1422 1445
1438 1448
1332 1463
1460 1472
1459 1474
1462 1475
1424 1480
1470 1482
1352 1488
1456 1489
1489 1491
1489 1493
1337 1500
1503 1505
1421 1506
1493 1506
1508 1514
1506 1516
1519 1520
1469 1521
1516 1523
1449 1532
1528 1536
1425 1536
1531 1539
1526 1546
1483 1552
1549 1561
1536 1581
1695 1718
1243 -1
