1364 1365
1362 1389
1389 1396
1394 1397
1406 1407
1389 1408
1403 1410
1384 1411
1412 1431
1425 1436
1419 1438
1378 1442
1436 1443
1440 1443
1438 1445
1430 1445
1447 1449
1440 1450
1445 1451
1438 1452
1430 1459
1450 1463
1459 1464
1449 1465
1449 1467
1391 1470
1476 1477
1472 1477
1430 1478
1476 1481
1471 1500
1499 1501
1500 1505
1455 1505
1501 1506
1501 1508
1510 1511
1515 1520
1519 1520
1512 1524
1521 1524
1521 1526
1525 1530
1537 1542
1541 1543
1544 1547
1546 1548
1547 1549
1539 1549
1548 1552
1552 1553
1545 1562
1564 1569
1569 1579
1558 1590
1582 1592
1405 -1
1418 -1
1425 -1
1484 -1
1490 -1
1506 -1
1508 -1
1517 -1
1539 -1
