1302 1315
1281 1318
1293 1320
1314 1324
1311 1326
1282 1327
1282 1329
1318 1337
1340 1341
1313 1342
1340 1342
1343 1348
1358 1359
1343 1359
1286 1361
1360 1362
1313 1362
1346 1363
1358 1363
1366 1367
1367 1368
1365 1369
1368 1372
1346 1375
1340 1376
1264 1380
1380 1381
1314 1388
1368 1391
1382 1395
1395 1399
1375 1401
1389 1404
1386 1406
1279 1410
1399 1418
1407 1426
1336 1445
1423 1447
1442 1452
1457 1468
1453 1474
1468 1476
1464 1478
1432 1482
1439 1483
1343 1486
1485 1486
1332 1495
1422 1504
1451 1509
1507 1510
1498 1515
1505 1516
1519 1520
1520 1522
1520 1522
1520 1523
1524 1528
1414 1533
1443 1534
1529 1536
1476 1547
1548 1552
1555 1569
1534 1576
1702 1706
1705 1712
1238 -1
