1290 1312
1313 1314
1313 1319
1293 1319
1275 1322
1264 1328
1334 1335
1336 1337
1305 1343
1307 1345
1287 1352
1354 1357
1358 1365
1354 1366
1348 1367
1314 1367
1368 1371
1303 1372
1362 1372
1348 1372
1352 1373
1369 1378
1377 1379
1373 1380
1378 1382
1385 1386
1379 1390
1276 1393
1315 1398
1400 1403
1395 1404
1396 1409
1289 1410
1403 1411
1408 1414
1379 1417
1413 1420
1420 1430
1337 1449
1449 1456
1439 1458
1460 1467
1467 1480
1471 1483
1357 1485
1485 1487
1424 1488
1350 1495
1452 1502
1464 1508
1411 1509
1506 1509
1500 1512
1494 1515
1512 1515
1454 1528
1418 1533
1537 1540
1545 1561
1561 1562
1558 1565
1511 1567
1570 1602
1674 1680
1676 1687
1256 -1
