1356 1358
1363 1378
1380 1381
1388 1397
1397 1402
1402 1405
1393 1407
1394 1409
1399 1413
1421 1425
1420 1428
1421 1428
1382 1434
1430 1435
1419 1438
1424 1438
1431 1438
1429 1438
1372 1440
1435 1441
1428 1444
1423 1447
1422 1447
1451 1463
1464 1474
1467 1474
1451 1488
1490 1494
1494 1498
1489 1498
1501 1504
1472 1507
1511 1514
1516 1518
1511 1518
1518 1519
1510 1519
1519 1522
1520 1523
1521 1525
1529 1530
1525 1534
1533 1534
1535 1536
1546 1548
1542 1548
1548 1549
1552 1556
1555 1557
1558 1559
1556 1567
1569 1589
1588 1589
1417 -1
1417 -1
1420 -1
1467 -1
1482 -1
1509 -1
1517 -1
1521 -1
1540 -1
