1338 1349
1364 1367
1368 1370
1370 1373
1365 1377
1374 1382
1375 1393
1380 1394
1392 1396
1405 1406
1412 1413
1375 1414
1373 1414
1398 1417
1420 1425
1422 1425
1428 1431
1412 1433
1426 1435
1436 1437
1437 1439
1430 1440
1429 1442
1443 1444
1369 1445
1432 1447
1434 1450
1450 1451
1438 1451
1420 1452
1419 1454
1450 1455
1457 1461
1436 1466
1468 1470
1468 1470
1470 1473
1477 1482
1479 1484
1486 1488
1479 1489
1439 1490
1492 1495
1494 1499
1502 1504
1460 1512
1501 1513
1506 1520
1513 1521
1520 1522
1526 1528
1525 1528
1527 1529
1517 1530
1527 1533
1528 1535
1536 1537
1537 1538
1536 1539
1538 1539
1540 1542
1543 1545
1538 1545
1543 1547
1554 1559
1556 1564
1558 1564
1567 1575
1708 1711
1412 -1
1424 -1
1425 -1
1457 -1
1488 -1
1510 -1
1517 -1
1518 -1
1542 -1
