1281 1322
1281 1327
1325 1331
1328 1331
1323 1334
1315 1334
1307 1337
1338 1343
1308 1343
1334 1348
1305 1350
1355 1356
1331 1357
1357 1358
1359 1360
1350 1362
1357 1365
1356 1366
1344 1367
1365 1369
1360 1371
1357 1376
1326 1378
1378 1380
1349 1380
1288 1381
1378 1383
1387 1389
1381 1389
1314 1397
1403 1405
1374 1406
1302 1408
1289 1409
1398 1409
1393 1409
1402 1412
1400 1412
1424 1452
1336 1455
1451 1459
1458 1471
1465 1476
1461 1477
1427 1477
1476 1486
1355 1488
1454 1496
1355 1497
1496 1500
1498 1509
1422 1512
1512 1517
1514 1517
1514 1518
1474 1523
1524 1527
1535 1539
1443 1541
1429 1544
1548 1553
1555 1556
1493 1560
1559 1563
1565 1594
1706 1717
1273 -1
