1366 1367
1349 1377
1385 1386
1389 1394
1395 1396
1390 1401
1404 1410
1394 1414
1400 1414
1425 1430
1424 1436
1422 1437
1428 1438
1428 1438
1386 1438
1431 1442
1440 1450
1380 1453
1438 1459
1435 1459
1460 1462
1458 1463
1465 1477
1470 1479
1480 1481
1484 1485
1435 1485
1490 1494
1493 1494
1494 1498
1441 1501
1498 1502
1499 1502
1503 1506
1506 1507
1474 1510
1511 1512
1507 1513
1508 1518
1514 1520
1523 1524
1523 1524
1528 1529
1531 1532
1525 1537
1538 1541
1537 1541
1550 1552
1551 1554
1558 1562
1555 1563
1565 1566
1565 1567
1556 1569
1584 1587
1565 1589
1407 -1
1417 -1
1417 -1
1477 -1
1490 -1
1508 -1
1513 -1
1526 -1
1537 -1
