1339 1355
1372 1386
1363 1390
1393 1400
1408 1409
1408 1409
1400 1414
1412 1416
1414 1418
1416 1418
1388 1419
1386 1421
1370 1422
1401 1422
1419 1423
1424 1429
1370 1438
1410 1440
1424 1442
1424 1448
1432 1448
1409 1449
1452 1457
1435 1460
1460 1461
1464 1472
1474 1481
1481 1482
1476 1482
1475 1483
1429 1483
1479 1485
1478 1495
1467 1495
1490 1498
1496 1499
1501 1503
1506 1518
1509 1525
1525 1526
1521 1528
1526 1528
1526 1529
1525 1529
1526 1530
1525 1533
1528 1533
1528 1535
1541 1542
1544 1545
1545 1546
1546 1548
1546 1550
1549 1550
1549 1550
1544 1550
1551 1552
1557 1559
1555 1561
1556 1564
1571 1576
1405 -1
1412 -1
1414 -1
1457 -1
1483 -1
1507 -1
1512 -1
1518 -1
1538 -1
