1313 1319
1349 1350
1354 1366
1357 1367
1371 1373
1374 1378
1378 1380
1378 1380
1377 1382
1388 1391
1391 1397
1386 1397
1398 1399
1387 1400
1405 1406
1403 1411
1401 1414
1408 1415
1423 1424
1380 1425
1420 1428
1422 1429
1427 1429
1417 1429
1428 1430
1429 1431
1414 1432
1430 1433
1420 1435
1415 1437
1430 1439
1370 1445
1441 1446
1436 1450
1420 1453
1454 1456
1458 1461
1457 1462
1452 1470
1471 1474
1483 1485
1466 1490
1494 1499
1495 1499
1504 1509
1512 1513
1466 1514
1510 1517
1510 1518
1522 1524
1525 1526
1523 1526
1522 1528
1530 1532
1529 1536
1535 1537
1542 1543
1540 1543
1532 1543
1546 1547
1550 1551
1548 1554
1557 1559
1567 1568
1556 1572
1580 1584
1564 1587
1412 -1
1414 -1
1416 -1
1468 -1
1490 -1
1507 -1
1521 -1
1524 -1
1539 -1
