1296 1310
1285 1315
1312 1320
1278 1322
1308 1323
1269 1324
1323 1325
1330 1331
1329 1332
1323 1332
1335 1346
1296 1347
1348 1352
1351 1354
1300 1355
1321 1355
1342 1359
1359 1362
1350 1363
1356 1364
1340 1364
1287 1365
1363 1368
1350 1374
1372 1375
1358 1376
1381 1383
1383 1384
1312 1388
1385 1393
1273 1396
1367 1400
1385 1403
1397 1408
1397 1410
1405 1412
1398 1419
1296 1421
1427 1433
1448 1450
1436 1454
1342 1454
1466 1475
1464 1478
1477 1481
1356 1483
1472 1483
1469 1483
1425 1486
1444 1493
1350 1499
1463 1506
1503 1509
1422 1510
1510 1511
1508 1514
1508 1516
1518 1521
1514 1521
1416 1539
1453 1539
1542 1554
1556 1557
1564 1565
1500 1565
1566 1590
1676 1696
1259 -1
