1335 1349
1383 1384
1386 1387
1373 1389
1390 1392
1370 1405
1407 1410
1401 1411
1413 1418
1418 1419
1418 1421
1420 1421
1420 1421
1422 1423
1408 1423
1418 1423
1402 1424
1424 1425
1424 1426
1382 1426
1423 1430
1425 1437
1430 1445
1380 1447
1417 1448
1443 1450
1379 1451
1416 1452
1453 1454
1415 1459
1425 1462
1429 1462
1462 1470
1467 1472
1480 1481
1482 1484
1484 1487
1488 1494
1484 1494
1456 1496
1477 1498
1493 1498
1492 1499
1503 1506
1450 1508
1507 1520
1511 1522
1521 1522
1518 1524
1521 1524
1523 1525
1522 1525
1523 1527
1529 1530
1530 1532
1529 1534
1531 1540
1538 1543
1542 1544
1544 1547
1547 1548
1543 1556
1555 1556
1571 1573
1571 1575
1576 1585
1415 -1
1417 -1
1419 -1
1456 -1
1491 -1
1510 -1
1516 -1
1519 -1
1536 -1
