1318 1319
1352 1369
1374 1376
1377 1380
1378 1386
1385 1386
1378 1386
1399 1402
1401 1403
1401 1404
1371 1412
1414 1415
1397 1416
1414 1418
1422 1424
1384 1425
1415 1426
1422 1426
1422 1426
1411 1427
1431 1432
1435 1436
1408 1438
1436 1447
1443 1449
1426 1449
1376 1449
1446 1449
1432 1450
1418 1451
1442 1453
1441 1456
1461 1467
1474 1475
1476 1477
1435 1490
1499 1500
1500 1501
1492 1502
1459 1503
1507 1508
1515 1516
1510 1517
1504 1522
1527 1530
1532 1534
1529 1534
1529 1535
1534 1536
1535 1539
1547 1548
1545 1550
1549 1553
1560 1564
1557 1568
1578 1591
1413 -1
1419 -1
1421 -1
1463 -1
1488 -1
1511 -1
1519 -1
1525 -1
1542 -1
