1301 1308
1278 1313
1264 1317
1316 1317
1318 1320
1281 1323
1307 1324
1303 1327
1327 1331
1322 1331
1316 1338
1315 1340
1347 1348
1335 1352
1311 1352
1354 1355
1292 1357
1352 1360
1346 1361
1358 1361
1324 1362
1351 1364
1294 1370
1367 1371
1367 1373
1348 1379
1375 1379
1374 1381
1271 1388
1384 1392
1310 1392
1399 1402
1367 1405
1388 1406
1394 1411
1403 1415
1399 1415
1274 1420
1399 1425
1417 1436
1437 1440
1426 1444
1447 1455
1329 1458
1461 1469
1470 1476
1465 1477
1423 1482
1454 1484
1471 1487
1353 1489
1448 1491
1342 1498
1504 1508
1508 1509
1429 1512
1464 1513
1502 1517
1520 1521
1520 1521
1523 1524
1525 1526
1452 1536
1535 1539
1427 1541
1495 1554
1558 1574
1551 1586
1689 1713
1259 -1
