1289 1303
1274 1314
1276 1315
1271 1318
1311 1318
1323 1328
1333 1337
1331 1337
1306 1337
1294 1344
1353 1356
1319 1356
1355 1357
1353 1359
1358 1362
1341 1362
1297 1362
1360 1367
1360 1367
1288 1370
1334 1374
1350 1375
1348 1376
1322 1396
1381 1397
1278 1399
1402 1407
1397 1408
1285 1414
1403 1418
1403 1419
1410 1422
1391 1423
1377 1424
1424 1446
1442 1452
1432 1453
1341 1457
1459 1468
1467 1474
1471 1483
1432 1484
1462 1487
1479 1491
1490 1491
1458 1493
1344 1495
1363 1497
1493 1511
1511 1515
1423 1518
1513 1518
1477 1522
1451 1538
1424 1541
1542 1545
1547 1559
1505 1561
1554 1562
1564 1594
1695 1696
1693 1722
1263 -1
