1359 1360
1359 1362
1367 1376
1375 1377
1374 1379
1370 1382
1382 1388
1395 1400
1395 1401
1404 1405
1382 1406
1405 1407
1406 1408
1410 1412
1379 1414
1414 1417
1408 1420
1396 1420
1421 1424
1423 1428
1429 1431
1428 1434
1420 1437
1419 1441
1434 1442
1424 1443
1419 1443
1444 1447
1447 1448
1442 1453
1449 1454
1453 1455
1455 1460
1382 1469
1420 1472
1473 1476
1473 1476
1467 1479
1421 1485
1491 1493
1497 1498
1499 1503
1454 1504
1507 1513
1517 1519
1501 1522
1519 1523
1533 1534
1522 1535
1534 1537
1535 1537
1532 1538
1533 1538
1539 1545
1545 1548
1547 1549
1545 1550
1548 1551
1566 1570
1549 1572
1572 1589
1408 -1
1418 -1
1425 -1
1468 -1
1484 -1
1511 -1
1515 -1
1521 -1
1539 -1
