1266 1305
1282 1306
1308 1311
1311 1312
1307 1314
1313 1317
1287 1319
1302 1321
1322 1323
1322 1324
1299 1325
1329 1330
1280 1333
1307 1337
1335 1339
1320 1339
1348 1352
1344 1359
1315 1364
1292 1365
1365 1367
1361 1367
1358 1369
1368 1369
1328 1370
1363 1371
1358 1371
1348 1373
1368 1376
1320 1383
1378 1386
1364 1388
1266 1394
1395 1396
1398 1400
1372 1402
1385 1402
1280 1403
1399 1405
1375 1407
1389 1420
1418 1426
1430 1438
1424 1450
1443 1453
1320 1456
1453 1461
1459 1461
1424 1477
1466 1479
1471 1482
1467 1482
1451 1488
1344 1496
1341 1497
1497 1502
1430 1506
1500 1514
1464 1515
1512 1516
1499 1517
1503 1519
1516 1519
1522 1523
1419 1528
1447 1533
1530 1537
1486 1550
1540 1569
1556 1572
1690 1694
1686 1711
1228 -1
