1293 1298
1272 1298
1281 1310
1299 1315
1312 1318
1319 1323
1281 1324
1314 1332
1315 1332
1299 1338
1311 1349
1311 1351
1350 1352
1349 1352
1346 1353
1356 1359
1348 1361
1288 1369
1333 1369
1365 1369
1356 1370
1365 1371
1369 1371
1360 1373
1370 1375
1341 1377
1382 1388
1384 1392
1379 1394
1377 1396
1266 1397
1321 1397
1394 1398
1398 1401
1387 1401
1399 1404
1387 1407
1275 1413
1435 1444
1337 1451
1430 1458
1455 1473
1464 1474
1426 1476
1467 1478
1468 1480
1357 1488
1484 1489
1459 1493
1344 1498
1498 1500
1510 1511
1431 1512
1505 1512
1505 1513
1511 1513
1510 1514
1515 1516
1511 1517
1466 1518
1524 1527
1442 1532
1426 1537
1531 1539
1546 1554
1491 1555
1553 1563
1545 1582
1692 1694
1696 1701
1694 1701
1260 -1
