1341 1352
1353 1356
1360 1362
1360 1364
1362 1365
1377 1378
1370 1380
1383 1385
1387 1389
1387 1390
1374 1393
1382 1397
1395 1399
1383 1401
1402 1409
1400 1414
1379 1419
1416 1425
1418 1425
1418 1425
1424 1426
1418 1433
1427 1433
1431 1434
1420 1437
1433 1438
1427 1439
1424 1441
1369 1443
1436 1447
1426 1448
1416 1449
1448 1449
1448 1450
1440 1460
1456 1460
1459 1469
1470 1472
1438 1482
1492 1493
1491 1496
1499 1500
1492 1501
1500 1505
1465 1513
1507 1517
1505 1520
1518 1524
1519 1524
1524 1528
1524 1529
1526 1531
1528 1538
1537 1539
1539 1541
1540 1542
1546 1547
1550 1551
1549 1551
1548 1552
1553 1554
1561 1568
1557 1568
1574 1578
1566 1581
1406 -1
1412 -1
1414 -1
1457 -1
1491 -1
1510 -1
1512 -1
1519 -1
1537 -1
