1346 1350
1354 1357
1361 1385
1386 1389
1392 1397
1401 1404
1392 1404
1402 1406
1401 1408
1410 1414
1409 1415
1395 1418
1425 1427
1425 1431
1385 1431
1415 1431
1420 1434
1423 1435
1377 1437
1418 1439
1420 1440
1433 1442
1440 1443
1435 1443
1435 1443
1423 1446
1436 1448
1458 1461
1456 1462
1453 1462
1462 1465
1484 1489
1485 1490
1464 1490
1494 1495
1497 1500
1492 1501
1500 1501
1511 1512
1515 1516
1514 1516
1511 1517
1474 1517
1513 1519
1519 1522
1521 1526
1531 1532
1532 1533
1526 1540
1540 1544
1538 1546
1548 1549
1553 1556
1555 1560
1560 1568
1563 1585
1586 1590
1411 -1
1412 -1
1418 -1
1474 -1
1487 -1
1513 -1
1515 -1
1518 -1
1536 -1
