1335 1348
1364 1367
1368 1370
1356 1384
1389 1391
1376 1392
1389 1394
1393 1397
1399 1404
1414 1415
1412 1416
1398 1416
1412 1418
1416 1419
1421 1422
1390 1423
1408 1424
1423 1427
1388 1428
1372 1431
1426 1433
1420 1433
1407 1438
1442 1443
1426 1444
1384 1444
1411 1447
1443 1449
1423 1449
1443 1458
1439 1458
1463 1466
1471 1472
1470 1473
1465 1476
1478 1481
1435 1482
1479 1484
1482 1485
1493 1496
1493 1496
1488 1499
1493 1500
1508 1510
1471 1511
1502 1514
1510 1523
1518 1524
1524 1527
1527 1528
1528 1532
1529 1533
1533 1534
1529 1537
1537 1538
1539 1540
1546 1547
1549 1551
1549 1551
1549 1551
1551 1557
1548 1557
1551 1560
1559 1561
1560 1566
1569 1574
1413 -1
1420 -1
1425 -1
1456 -1
1480 -1
1504 -1
1515 -1
1516 -1
1539 -1
