1254 1270
1281 1293
1299 1300
1275 1307
1315 1317
1299 1322
1291 1327
1315 1329
1332 1338
1313 1340
1299 1347
1344 1348
1289 1351
1292 1351
1313 1352
1344 1355
1353 1358
1354 1371
1365 1373
1342 1373
1374 1375
1367 1375
1366 1376
1357 1385
1377 1387
1375 1391
1378 1392
1331 1394
1391 1395
1261 1396
1382 1398
1399 1401
1400 1402
1398 1406
1393 1412
1390 1413
1278 1414
1439 1445
1333 1456
1432 1458
1451 1468
1461 1472
1465 1473
1431 1480
1476 1489
1354 1489
1485 1490
1345 1492
1487 1493
1457 1493
1505 1506
1501 1510
1429 1512
1513 1514
1504 1518
1514 1518
1472 1519
1530 1533
1443 1536
1527 1537
1424 1539
1490 1554
1544 1555
1557 1565
1543 1583
1698 1700
1692 1704
1247 -1
