1348 1359
1364 1366
1367 1370
1362 1372
1371 1373
1380 1387
1382 1394
1394 1395
1377 1401
1401 1403
1392 1405
1403 1407
1414 1416
1416 1417
1411 1420
1394 1420
1415 1423
1422 1423
1382 1427
1413 1427
1417 1432
1427 1435
1430 1435
1433 1440
1378 1443
1423 1443
1418 1445
1435 1446
1435 1447
1449 1450
1442 1456
1424 1457
1459 1464
1460 1465
1464 1465
1473 1474
1433 1478
1474 1480
1482 1484
1478 1491
1489 1491
1491 1493
1498 1500
1502 1503
1464 1504
1501 1507
1515 1516
1506 1516
1509 1519
1513 1520
1519 1521
1512 1523
1524 1525
1526 1529
1532 1533
1526 1533
1538 1540
1538 1540
1540 1541
1536 1541
1545 1547
1553 1554
1557 1561
1557 1565
1564 1568
1573 1582
1412 -1
1417 -1
1427 -1
1459 -1
1486 -1
1513 -1
1518 -1
1520 -1
1539 -1
