1343 1344
1344 1345
1359 1362
1350 1382
1384 1386
1389 1390
1394 1395
1391 1395
1385 1396
1388 1399
1397 1405
1390 1415
1413 1416
1409 1417
1422 1426
1409 1430
1421 1435
1431 1437
1419 1438
1375 1440
1428 1441
1436 1443
1429 1444
1433 1445
1388 1445
1446 1449
1435 1458
1459 1460
1458 1461
1456 1466
1456 1472
1428 1478
1486 1487
1496 1497
1492 1498
1464 1501
1500 1504
1457 1505
1505 1508
1511 1513
1518 1525
1518 1528
1531 1532
1526 1532
1530 1533
1528 1542
1543 1546
1539 1546
1544 1547
1546 1549
1556 1560
1545 1567
1566 1569
1565 1571
1591 1592
1564 1593
1580 1596
1406 -1
1414 -1
1422 -1
1479 -1
1490 -1
1505 -1
1515 -1
1516 -1
1536 -1
