1339 1346
1366 1368
1361 1369
1362 1372
1379 1380
1389 1391
1389 1393
1381 1393
1392 1395
1401 1402
1400 1404
1398 1406
1377 1408
1409 1419
1416 1420
1411 1421
1421 1423
1413 1426
1427 1433
1428 1435
1421 1440
1437 1440
1429 1440
1429 1440
1441 1442
1437 1442
1427 1442
1433 1443
1428 1443
1442 1447
1444 1447
1440 1448
1432 1455
1416 1455
1432 1459
1455 1459
1387 1462
1458 1465
1470 1483
1480 1485
1454 1488
1487 1489
1496 1498
1501 1505
1509 1510
1503 1511
1466 1517
1517 1518
1515 1520
1515 1521
1515 1522
1511 1522
1527 1531
1532 1533
1536 1538
1536 1540
1541 1544
1537 1545
1548 1549
1547 1549
1545 1549
1550 1554
1563 1573
1571 1588
1409 -1
1419 -1
1420 -1
1474 -1
1488 -1
1507 -1
1515 -1
1521 -1
1539 -1
