1291 1307
1303 1310
1276 1314
1266 1314
1291 1318
1327 1328
1301 1334
1333 1335
1329 1337
1299 1351
1351 1354
1307 1356
1314 1357
1356 1359
1352 1360
1357 1365
1345 1367
1354 1367
1338 1367
1364 1370
1337 1372
1367 1373
1372 1375
1378 1379
1290 1381
1307 1388
1382 1390
1256 1400
1402 1408
1394 1409
1282 1412
1400 1412
1369 1418
1402 1421
1420 1422
1412 1437
1426 1446
1330 1452
1447 1456
1467 1471
1460 1474
1476 1479
1468 1479
1424 1484
1459 1487
1448 1490
1352 1492
1348 1494
1501 1507
1505 1507
1462 1508
1503 1509
1491 1511
1416 1514
1515 1517
1522 1525
1450 1532
1531 1532
1420 1534
1535 1539
1499 1554
1553 1567
1552 1568
1572 1597
1707 1712
1698 1713
1249 -1
