1330 1332
1349 1353
1358 1359
1355 1374
1377 1380
1389 1390
1392 1393
1393 1396
1378 1396
1395 1397
1382 1397
1399 1401
1396 1412
1398 1416
1404 1421
1423 1424
1375 1424
1421 1425
1373 1426
1420 1427
1417 1428
1418 1431
1427 1433
1427 1433
1419 1436
1419 1436
1425 1436
1436 1438
1425 1444
1421 1444
1434 1450
1451 1452
1454 1460
1457 1462
1463 1464
1470 1473
1474 1475
1476 1477
1448 1479
1482 1483
1482 1483
1487 1488
1487 1490
1496 1500
1497 1502
1501 1503
1510 1513
1476 1518
1509 1519
1522 1524
1508 1526
1526 1529
1515 1530
1524 1531
1527 1531
1532 1537
1535 1537
1536 1539
1540 1541
1541 1544
1541 1544
1543 1545
1545 1546
1546 1548
1545 1548
1546 1548
1558 1561
1558 1563
1553 1565
1577 1584
1570 1587
1406 -1
1408 -1
1418 -1
1458 -1
1485 -1
1503 -1
1513 -1
1516 -1
1540 -1
