1293 1299
1260 1301
1300 1303
1276 1309
1302 1314
1312 1315
1302 1318
1319 1321
1300 1323
1282 1323
1308 1324
1335 1347
1311 1351
1298 1352
1355 1358
1354 1359
1353 1360
1356 1362
1330 1364
1355 1364
1291 1371
1365 1373
1357 1376
1353 1377
1351 1382
1378 1383
1258 1387
1332 1394
1382 1395
1393 1395
1393 1404
1408 1410
1406 1410
1398 1414
1385 1416
1396 1417
1417 1418
1263 1418
1402 1425
1399 1426
1427 1447
1337 1456
1452 1461
1419 1475
1467 1476
1467 1477
1453 1481
1451 1484
1472 1484
1492 1493
1363 1493
1341 1501
1500 1502
1500 1508
1461 1508
1423 1511
1506 1511
1499 1519
1515 1520
1527 1528
1446 1529
1430 1530
1530 1534
1547 1549
1498 1554
1550 1566
1544 1574
1668 1685
1251 -1
