1324 1325
1346 1356
1366 1367
1378 1391
1395 1400
1365 1402
1409 1410
1412 1414
1414 1415
1414 1416
1419 1420
1410 1422
1421 1423
1404 1424
1387 1427
1416 1430
1427 1431
1423 1431
1423 1431
1434 1435
1407 1439
1437 1441
1426 1442
1381 1443
1378 1444
1436 1444
1438 1445
1421 1448
1447 1454
1462 1466
1465 1467
1438 1468
1419 1472
1479 1483
1483 1487
1485 1489
1488 1489
1489 1490
1494 1498
1443 1502
1498 1504
1486 1506
1462 1509
1504 1511
1501 1514
1512 1515
1516 1517
1526 1527
1525 1528
1522 1528
1523 1528
1523 1530
1539 1541
1537 1542
1537 1542
1545 1546
1547 1550
1549 1551
1552 1553
1552 1556
1555 1557
1556 1562
1558 1564
1570 1579
1411 -1
1418 -1
1422 -1
1458 -1
1482 -1
1511 -1
1514 -1
1516 -1
1545 -1
