1345 1348
1380 1383
1386 1388
1365 1396
1390 1396
1381 1396
1397 1399
1396 1401
1397 1411
1416 1418
1419 1420
1425 1434
1430 1435
1415 1435
1434 1436
1434 1437
1428 1438
1419 1441
1440 1444
1436 1444
1383 1444
1431 1446
1444 1452
1451 1453
1453 1455
1435 1458
1431 1459
1394 1469
1472 1475
1448 1477
1468 1482
1490 1491
1492 1493
1434 1496
1497 1500
1494 1501
1468 1503
1501 1508
1511 1512
1454 1515
1515 1516
1514 1516
1516 1517
1511 1517
1513 1517
1511 1522
1525 1534
1535 1538
1538 1539
1540 1542
1534 1543
1543 1546
1539 1547
1548 1550
1553 1556
1546 1563
1563 1569
1562 1572
1588 1589
1566 1591
1592 1602
1408 -1
1416 -1
1423 -1
1482 -1
1498 -1
1504 -1
1511 -1
1518 -1
1543 -1
