1296 1302
1290 1312
1316 1319
1301 1326
1293 1327
1333 1336
1292 1338
1326 1339
1332 1341
1322 1341
1342 1343
1343 1350
1349 1354
1346 1357
1355 1358
1347 1361
1349 1362
1291 1362
1355 1364
1314 1364
1355 1369
1327 1371
1357 1372
1339 1373
1368 1378
1352 1380
1375 1381
1323 1388
1267 1389
1387 1390
1381 1394
1379 1397
1389 1399
1401 1403
1309 1406
1383 1412
1395 1414
1426 1449
1441 1450
1458 1463
1343 1464
1464 1477
1460 1478
1414 1479
1472 1483
1349 1489
1486 1492
1456 1493
1490 1494
1351 1500
1506 1507
1503 1508
1427 1509
1498 1512
1511 1515
1519 1520
1520 1522
1469 1524
1523 1528
1529 1534
1423 1535
1443 1536
1480 1541
1538 1556
1558 1563
1533 1576
1693 1702
1266 -1
