1278 1280
1274 1300
1274 1302
1311 1312
1315 1320
1308 1320
1313 1321
1315 1322
1314 1325
1294 1328
1292 1333
1336 1338
1321 1343
1347 1349
1306 1350
1300 1352
1351 1352
1353 1359
1362 1363
1346 1363
1339 1363
1287 1367
1353 1367
1358 1367
1366 1374
1369 1375
1368 1378
1377 1379
1338 1379
1378 1380
1327 1380
1369 1391
1385 1392
1268 1395
1388 1395
1380 1400
1400 1401
1392 1402
1408 1409
1389 1411
1412 1413
1410 1414
1273 1415
1440 1450
1324 1454
1429 1458
1460 1468
1458 1471
1464 1477
1422 1479
1474 1485
1485 1486
1342 1486
1455 1492
1483 1493
1334 1496
1428 1505
1495 1506
1508 1509
1497 1511
1515 1516
1508 1516
1471 1517
1518 1519
1420 1532
1526 1533
1445 1534
1530 1539
1525 1547
1482 1547
1557 1565
1531 1572
1700 1719
1242 -1
