1337 1343
1366 1369
1368 1381
1380 1384
1380 1384
1358 1390
1393 1395
1381 1407
1397 1412
1412 1419
1416 1419
1415 1419
1364 1421
1380 1422
1413 1425
1408 1426
1419 1426
1421 1426
1374 1434
1433 1436
1420 1437
1416 1443
1427 1446
1410 1448
1439 1449
1452 1454
1463 1468
1470 1479
1480 1481
1482 1485
1435 1485
1490 1493
1469 1497
1494 1498
1491 1502
1498 1503
1500 1507
1509 1519
1524 1526
1522 1526
1512 1526
1519 1527
1525 1528
1525 1529
1530 1531
1526 1532
1538 1540
1546 1551
1551 1552
1552 1553
1545 1553
1552 1553
1553 1557
1552 1560
1557 1564
1569 1577
1409 -1
1414 -1
1417 -1
1464 -1
1487 -1
1510 -1
1516 -1
1520 -1
1543 -1
