1282 1286
1277 1293
1281 1306
1309 1323
1320 1323
1283 1329
1315 1333
1332 1338
1293 1340
1310 1340
1341 1345
1342 1345
1342 1346
1347 1348
1343 1351
1302 1353
1286 1356
1322 1357
1331 1361
1357 1362
1316 1362
1358 1366
1351 1366
1356 1376
1337 1376
1364 1376
1375 1376
1366 1377
1322 1378
1373 1386
1274 1392
1392 1395
1385 1398
1397 1398
1388 1404
1377 1405
1286 1408
1388 1408
1438 1445
1421 1447
1327 1471
1412 1479
1465 1479
1468 1481
1478 1489
1346 1489
1444 1493
1490 1495
1493 1495
1424 1507
1340 1507
1500 1511
1500 1511
1470 1523
1523 1524
1441 1534
1516 1536
1426 1537
1536 1541
1537 1544
1480 1552
1557 1560
1537 1581
1700 1709
1251 -1
