1331 1349
1361 1364
1379 1381
1379 1383
1370 1385
1353 1399
1398 1402
1404 1411
1410 1412
1418 1420
1417 1421
1414 1422
1396 1425
1420 1426
1410 1426
1426 1427
1421 1427
1379 1431
1401 1435
1378 1438
1438 1440
1427 1440
1368 1442
1444 1448
1416 1450
1433 1451
1442 1452
1420 1454
1425 1456
1462 1463
1467 1474
1470 1477
1474 1479
1477 1481
1482 1483
1474 1486
1481 1492
1489 1493
1486 1494
1495 1497
1490 1498
1459 1503
1501 1506
1447 1509
1509 1510
1502 1510
1512 1516
1516 1517
1504 1517
1521 1523
1519 1523
1523 1526
1525 1527
1525 1528
1525 1529
1517 1531
1534 1536
1536 1538
1543 1544
1543 1544
1543 1546
1556 1558
1558 1559
1556 1560
1557 1560
1555 1560
1557 1561
1555 1564
1412 -1
1412 -1
1419 -1
1450 -1
1486 -1
1510 -1
1517 -1
1519 -1
1535 -1
