1284 1301
1307 1311
1273 1313
1319 1322
1318 1323
1318 1324
1312 1327
1287 1328
1325 1330
1267 1331
1319 1331
1333 1336
1320 1341
1296 1342
1337 1344
1340 1344
1317 1353
1354 1358
1356 1359
1353 1362
1347 1364
1286 1365
1364 1366
1361 1367
1357 1367
1365 1370
1366 1372
1344 1374
1369 1375
1379 1381
1349 1385
1376 1391
1309 1394
1398 1399
1269 1400
1395 1403
1373 1404
1387 1404
1403 1405
1390 1405
1401 1410
1280 1410
1405 1414
1415 1416
1414 1433
1423 1446
1335 1454
1452 1462
1462 1471
1463 1475
1477 1482
1426 1484
1472 1485
1360 1488
1463 1490
1456 1494
1345 1500
1411 1508
1506 1510
1507 1511
1496 1517
1462 1521
1526 1527
1527 1529
1530 1531
1447 1536
1438 1538
1555 1563
1508 1568
1557 1581
1654 1658
1670 1685
1250 -1
