1353 1357
1348 1359
1361 1362
1371 1374
1371 1376
1375 1379
1389 1394
1373 1394
1383 1396
1386 1400
1400 1401
1399 1402
1400 1404
1392 1406
1407 1415
1383 1422
1417 1424
1427 1428
1425 1430
1427 1432
1427 1432
1425 1432
1368 1435
1427 1436
1435 1437
1423 1438
1423 1438
1435 1443
1434 1448
1428 1454
1424 1457
1438 1458
1468 1469
1466 1472
1467 1473
1469 1473
1475 1477
1445 1478
1491 1492
1495 1496
1464 1506
1497 1512
1510 1514
1514 1516
1512 1519
1521 1522
1504 1523
1523 1527
1521 1528
1524 1528
1528 1529
1529 1532
1526 1537
1536 1541
1540 1542
1546 1547
1545 1549
1548 1550
1552 1554
1560 1562
1559 1567
1575 1578
1585 1586
1576 1587
1411 -1
1422 -1
1423 -1
1461 -1
1489 -1
1512 -1
1517 -1
1525 -1
1542 -1
