1288 1291
1305 1310
1298 1320
1266 1330
1254 1333
1321 1345
1286 1350
1312 1356
1307 1359
1358 1360
1347 1361
1362 1363
1359 1368
1359 1368
1351 1369
1352 1371
1369 1373
1343 1373
1374 1376
1370 1377
1370 1380
1354 1380
1288 1383
1374 1385
1286 1389
1391 1396
1391 1396
1396 1403
1316 1403
1398 1410
1379 1413
1412 1413
1406 1414
1265 1415
1405 1416
1413 1418
1426 1437
1347 1446
1433 1452
1457 1464
1465 1469
1463 1472
1465 1478
1457 1486
1459 1487
1366 1489
1436 1491
1355 1494
1505 1507
1504 1508
1398 1513
1512 1513
1493 1513
1468 1517
1515 1519
1511 1519
1524 1526
1447 1529
1432 1535
1536 1546
1549 1562
1510 1563
1555 1566
1579 1596
1631 1634
1241 -1
