1283 1297
1293 1300
1312 1314
1275 1314
1310 1316
1280 1322
1271 1322
1321 1328
1292 1334
1332 1338
1298 1340
1328 1345
1348 1350
1314 1357
1355 1358
1357 1359
1354 1359
1297 1361
1354 1361
1342 1362
1359 1363
1332 1365
1360 1367
1369 1370
1301 1372
1366 1372
1360 1376
1376 1378
1378 1380
1370 1382
1272 1387
1312 1388
1382 1392
1397 1399
1390 1404
1384 1405
1281 1413
1407 1415
1407 1417
1405 1428
1376 1429
1423 1437
1422 1440
1445 1446
1446 1454
1341 1457
1464 1474
1469 1479
1476 1481
1361 1482
1454 1484
1476 1489
1432 1490
1459 1493
1501 1502
1502 1503
1347 1505
1465 1511
1414 1517
1500 1518
1519 1520
1514 1521
1523 1528
1450 1532
1528 1532
1415 1535
1549 1552
1543 1561
1504 1561
1567 1588
1676 1685
1672 1688
1247 -1
