1342 1357
1377 1379
1377 1387
1364 1390
1397 1398
1402 1407
1398 1407
1392 1409
1401 1411
1411 1412
1412 1414
1409 1417
1411 1420
1372 1420
1413 1420
1383 1420
1390 1422
1415 1423
1424 1425
1408 1425
1426 1431
1374 1432
1427 1440
1440 1441
1444 1448
1437 1449
1423 1450
1429 1451
1411 1454
1453 1455
1460 1463
1466 1468
1464 1468
1462 1475
1474 1477
1427 1477
1479 1487
1490 1491
1460 1493
1494 1495
1488 1497
1501 1503
1506 1507
1505 1521
1510 1521
1518 1526
1520 1528
1527 1528
1528 1530
1526 1531
1530 1532
1524 1533
1549 1550
1547 1553
1558 1562
1558 1564
1556 1565
1570 1578
1407 -1
1409 -1
1416 -1
1454 -1
1485 -1
1514 -1
1520 -1
1522 -1
1540 -1
