1299 1301
1303 1304
1282 1307
1275 1307
1301 1314
1306 1318
1315 1320
1281 1321
1313 1326
1314 1328
1340 1341
1341 1345
1297 1348
1346 1349
1312 1351
1351 1353
1351 1355
1295 1355
1341 1357
1294 1363
1339 1364
1357 1369
1354 1369
1363 1371
1371 1375
1348 1377
1375 1377
1379 1381
1328 1383
1381 1384
1384 1390
1371 1393
1382 1394
1273 1401
1400 1401
1389 1407
1386 1409
1405 1411
1388 1412
1272 1414
1393 1418
1417 1427
1439 1447
1420 1449
1333 1456
1453 1470
1463 1477
1424 1479
1464 1481
1478 1487
1455 1488
1350 1488
1495 1498
1343 1501
1502 1512
1419 1514
1513 1515
1509 1516
1472 1516
1510 1517
1517 1519
1524 1525
1450 1535
1426 1537
1535 1541
1535 1548
1484 1551
1554 1559
1550 1586
1684 1685
1682 1699
1261 -1
