1344 1355
1357 1358
1374 1388
1359 1389
1388 1390
1386 1393
1396 1397
1395 1398
1392 1398
1399 1404
1405 1406
1406 1408
1398 1413
1409 1413
1370 1415
1406 1417
1409 1417
1392 1423
1382 1423
1423 1424
1422 1425
1416 1426
1425 1428
1422 1430
1431 1442
1383 1445
1420 1448
1437 1449
1427 1450
1435 1451
1450 1452
1444 1454
1417 1460
1464 1468
1466 1472
1429 1481
1482 1483
1487 1488
1489 1491
1498 1500
1497 1500
1496 1501
1469 1504
1499 1505
1510 1512
1502 1512
1506 1517
1515 1519
1522 1523
1519 1526
1525 1527
1523 1527
1527 1529
1527 1529
1540 1542
1547 1548
1547 1548
1545 1548
1547 1549
1547 1550
1552 1553
1552 1553
1553 1555
1553 1557
1554 1559
1569 1577
1403 -1
1411 -1
1425 -1
1461 -1
1484 -1
1510 -1
1517 -1
1518 -1
1541 -1
