1271 1304
1299 1305
1275 1309
1305 1315
1283 1319
1309 1320
1306 1323
1313 1330
1292 1340
1343 1344
1340 1344
1299 1346
1341 1349
1349 1355
1303 1357
1345 1358
1361 1363
1284 1363
1357 1363
1352 1364
1364 1365
1327 1367
1356 1371
1371 1378
1348 1380
1362 1381
1378 1389
1261 1392
1316 1392
1391 1397
1383 1403
1390 1407
1395 1408
1272 1408
1385 1411
1405 1416
1436 1448
1431 1453
1341 1464
1452 1472
1467 1476
1423 1480
1469 1482
1473 1485
1454 1492
1351 1492
1489 1492
1346 1501
1422 1502
1508 1513
1498 1515
1513 1517
1519 1521
1519 1521
1520 1522
1472 1525
1530 1533
1527 1534
1452 1535
1431 1542
1484 1555
1555 1568
1544 1581
1692 1698
1689 1705
1261 -1
