1346 1353
1385 1389
1385 1393
1376 1396
1396 1398
1399 1400
1389 1419
1396 1421
1406 1421
1380 1431
1379 1432
1430 1434
1423 1435
1429 1436
1428 1437
1428 1437
1379 1440
1428 1442
1423 1442
1438 1444
1444 1446
1442 1448
1430 1449
1421 1452
1450 1466
1456 1469
1468 1471
1482 1483
1484 1487
1494 1496
1490 1497
1443 1499
1496 1503
1494 1505
1501 1507
1469 1507
1512 1519
1514 1519
1506 1521
1521 1526
1528 1533
1531 1534
1535 1537
1534 1541
1546 1549
1546 1553
1548 1557
1557 1558
1554 1558
1557 1559
1560 1570
1564 1571
1569 1584
1418 -1
1419 -1
1420 -1
1462 -1
1494 -1
1514 -1
1517 -1
1523 -1
1545 -1
