1356 1361
1380 1381
1382 1383
1370 1392
1397 1404
1396 1405
1404 1406
1392 1407
1398 1412
1412 1416
1422 1423
1416 1436
1433 1437
1436 1439
1433 1440
1441 1443
1443 1445
1416 1445
1377 1445
1441 1447
1437 1447
1436 1449
1441 1451
1443 1454
1430 1461
1461 1463
1456 1464
1454 1469
1458 1470
1396 1472
1436 1473
1466 1475
1474 1484
1489 1495
1500 1501
1450 1506
1503 1507
1508 1509
1471 1511
1510 1511
1511 1512
1512 1514
1510 1515
1513 1516
1506 1517
1517 1520
1534 1538
1537 1538
1543 1545
1542 1545
1539 1547
1548 1549
1553 1554
1557 1558
1557 1558
1556 1559
1560 1562
1546 1563
1573 1580
1585 1586
1567 1591
1593 1603
1414 -1
1415 -1
1426 -1
1485 -1
1496 -1
1505 -1
1516 -1
1518 -1
1539 -1
