1296 1302
1295 1306
1305 1309
1314 1320
1294 1321
1286 1324
1280 1326
1301 1329
1330 1333
1306 1337
1322 1337
1346 1347
1341 1351
1351 1352
1351 1355
1313 1356
1357 1359
1358 1361
1302 1362
1344 1363
1330 1366
1301 1369
1363 1369
1365 1372
1349 1374
1370 1377
1382 1383
1325 1385
1377 1387
1379 1388
1391 1392
1267 1395
1391 1401
1401 1403
1389 1405
1365 1408
1387 1416
1403 1421
1277 1421
1388 1423
1399 1424
1421 1435
1419 1443
1444 1453
1327 1454
1449 1455
1464 1467
1422 1476
1472 1479
1453 1481
1472 1483
1451 1484
1482 1485
1472 1485
1352 1490
1335 1499
1502 1504
1511 1512
1498 1515
1504 1517
1469 1517
1425 1523
1520 1526
1525 1528
1450 1533
1531 1536
1418 1542
1488 1555
1552 1566
1552 1582
1692 1725
1256 -1
