1281 1301
1291 1303
1267 1312
1309 1313
1287 1315
1306 1316
1319 1335
1330 1336
1316 1336
1301 1346
1296 1349
1348 1349
1304 1353
1345 1358
1360 1362
1358 1364
1364 1365
1353 1366
1358 1369
1371 1372
1360 1372
1288 1373
1336 1375
1370 1375
1360 1378
1352 1379
1261 1393
1382 1395
1396 1399
1326 1401
1376 1403
1388 1403
1394 1407
1387 1409
1410 1412
1401 1412
1405 1412
1275 1423
1431 1452
1341 1456
1446 1458
1455 1473
1468 1476
1464 1479
1430 1481
1458 1488
1483 1489
1491 1492
1354 1494
1341 1500
1423 1513
1491 1513
1511 1514
1511 1515
1510 1516
1517 1519
1518 1519
1515 1520
1476 1520
1524 1525
1449 1536
1538 1541
1536 1541
1430 1543
1549 1552
1501 1560
1552 1561
1560 1585
1681 1687
1671 1692
1260 -1
