1341 1351
1355 1356
1373 1383
1395 1396
1360 1401
1396 1401
1413 1414
1393 1421
1393 1422
1393 1423
1429 1431
1427 1431
1423 1431
1430 1431
1428 1432
1371 1433
1433 1435
1368 1436
1421 1436
1429 1438
1432 1444
1444 1448
1424 1449
1444 1455
1440 1456
1429 1458
1420 1466
1474 1476
1472 1477
1470 1478
1477 1479
1477 1480
1479 1482
1490 1493
1488 1493
1463 1495
1493 1497
1493 1498
1444 1498
1485 1500
1499 1503
1514 1515
1513 1515
1514 1516
1510 1518
1513 1521
1514 1521
1509 1522
1524 1525
1525 1526
1521 1527
1529 1530
1530 1532
1535 1536
1543 1545
1548 1551
1540 1555
1554 1557
1560 1561
1556 1569
1564 1577
1607 1608
1410 -1
1425 -1
1426 -1
1453 -1
1484 -1
1511 -1
1512 -1
1518 -1
1535 -1
