1345 1359
1372 1376
1361 1378
1383 1386
1373 1387
1400 1402
1402 1403
1402 1404
1366 1409
1403 1409
1408 1412
1408 1412
1413 1414
1416 1417
1416 1418
1385 1420
1406 1422
1425 1429
1428 1433
1421 1434
1410 1434
1419 1436
1436 1437
1417 1441
1417 1444
1432 1445
1430 1446
1405 1449
1375 1452
1434 1461
1455 1461
1465 1468
1478 1479
1463 1479
1476 1479
1429 1482
1484 1485
1488 1491
1479 1491
1491 1492
1494 1495
1496 1498
1461 1498
1508 1516
1515 1516
1503 1517
1510 1523
1519 1523
1520 1526
1527 1528
1526 1528
1526 1529
1521 1532
1531 1533
1534 1537
1538 1539
1545 1546
1546 1547
1546 1550
1550 1552
1553 1557
1552 1560
1551 1562
1574 1582
1406 -1
1414 -1
1431 -1
1457 -1
1491 -1
1506 -1
1510 -1
1511 -1
1534 -1
