1350 1353
1383 1392
1390 1392
1379 1393
1388 1393
1394 1399
1411 1413
1411 1415
1414 1417
1400 1419
1403 1422
1425 1426
1424 1427
1421 1428
1426 1428
1408 1428
1418 1429
1422 1431
1381 1432
1434 1435
1423 1435
1425 1435
1423 1440
1420 1441
1386 1441
1444 1448
1433 1454
1451 1464
1457 1466
1424 1474
1474 1479
1484 1487
1444 1487
1485 1492
1499 1500
1469 1505
1513 1518
1518 1520
1510 1522
1528 1530
1508 1530
1527 1531
1528 1532
1534 1535
1528 1536
1539 1540
1540 1543
1544 1545
1541 1545
1545 1547
1549 1551
1552 1560
1558 1561
1562 1564
1560 1571
1567 1588
1406 -1
1414 -1
1420 -1
1466 -1
1481 -1
1514 -1
1517 -1
1521 -1
1541 -1
