1300 1307
1307 1320
1317 1323
1320 1324
1262 1325
1256 1330
1328 1330
1298 1333
1329 1335
1310 1335
1292 1343
1349 1352
1296 1357
1297 1360
1328 1362
1347 1368
1357 1368
1359 1370
1353 1371
1370 1372
1372 1373
1342 1375
1373 1375
1377 1380
1343 1380
1352 1381
1373 1383
1367 1383
1297 1385
1380 1385
1386 1390
1309 1391
1381 1392
1259 1393
1384 1394
1397 1403
1399 1404
1396 1411
1411 1414
1401 1415
1402 1422
1278 1422
1379 1426
1342 1449
1431 1456
1459 1466
1458 1471
1472 1473
1475 1481
1361 1483
1428 1483
1470 1487
1455 1490
1353 1494
1494 1495
1462 1500
1388 1508
1469 1511
1506 1516
1513 1516
1514 1517
1491 1519
1517 1521
1447 1523
1523 1524
1426 1530
1524 1535
1535 1550
1545 1555
1544 1558
1521 1566
1556 1572
1517 1573
1235 -1
