1290 1306
1272 1309
1313 1314
1309 1315
1283 1318
1317 1320
1293 1320
1320 1332
1301 1334
1328 1336
1300 1345
1306 1356
1315 1356
1355 1361
1354 1364
1363 1365
1360 1365
1364 1369
1356 1372
1344 1372
1353 1376
1348 1377
1375 1377
1374 1378
1289 1379
1373 1380
1375 1384
1337 1392
1386 1394
1280 1398
1403 1408
1402 1409
1364 1411
1399 1412
1413 1414
1416 1417
1396 1418
1279 1419
1420 1435
1433 1454
1341 1455
1447 1459
1463 1473
1473 1474
1458 1479
1466 1479
1433 1485
1480 1486
1459 1489
1348 1490
1341 1497
1505 1506
1497 1508
1500 1510
1412 1512
1497 1514
1507 1514
1472 1521
1519 1523
1449 1532
1532 1536
1432 1542
1555 1558
1547 1559
1506 1560
1549 1561
1562 1590
1682 1684
1679 1690
1255 -1
