1278 1283
1276 1305
1283 1307
1309 1321
1309 1322
1302 1327
1333 1335
1316 1336
1333 1337
1296 1338
1344 1348
1345 1350
1350 1354
1352 1354
1345 1355
1352 1361
1306 1361
1292 1363
1317 1366
1365 1374
1371 1375
1353 1376
1351 1376
1372 1379
1365 1379
1359 1382
1371 1385
1377 1388
1321 1393
1389 1397
1397 1398
1383 1398
1274 1399
1398 1399
1398 1400
1384 1402
1402 1407
1389 1408
1408 1412
1298 1413
1399 1414
1441 1447
1421 1448
1343 1454
1456 1457
1467 1468
1472 1477
1465 1483
1424 1484
1350 1485
1478 1490
1489 1496
1456 1498
1491 1499
1359 1506
1498 1508
1421 1511
1496 1511
1513 1515
1512 1515
1477 1521
1519 1523
1526 1527
1450 1532
1533 1536
1532 1537
1419 1540
1549 1559
1553 1561
1493 1561
1554 1588
1692 1702
1272 -1
