1328 1342
1361 1362
1364 1367
1367 1368
1368 1375
1378 1381
1405 1414
1366 1417
1403 1417
1416 1419
1411 1422
1395 1427
1378 1430
1426 1432
1409 1442
1375 1442
1398 1442
1416 1443
1442 1449
1443 1450
1440 1453
1451 1456
1433 1460
1412 1463
1373 1463
1467 1471
1468 1475
1477 1478
1474 1487
1484 1493
1487 1493
1459 1499
1470 1499
1492 1500
1497 1500
1501 1502
1502 1503
1435 1505
1516 1517
1509 1517
1511 1518
1515 1518
1515 1518
1507 1522
1512 1522
1513 1527
1528 1531
1533 1534
1532 1535
1537 1542
1551 1554
1555 1556
1549 1558
1549 1559
1555 1559
1563 1567
1408 -1
1416 -1
1417 -1
1452 -1
1481 -1
1512 -1
1520 -1
1523 -1
1541 -1
