1267 1268
1290 1291
1282 1298
1265 1298
1312 1315
1310 1320
1292 1322
1310 1324
1318 1332
1315 1343
1342 1344
1345 1349
1303 1355
1345 1355
1345 1357
1292 1358
1296 1360
1312 1364
1342 1367
1369 1373
1367 1375
1377 1380
1364 1381
1360 1382
1377 1382
1318 1387
1382 1392
1371 1395
1383 1396
1255 1397
1385 1402
1390 1409
1399 1411
1273 1412
1400 1415
1416 1417
1402 1422
1417 1434
1447 1452
1431 1456
1338 1464
1460 1476
1480 1481
1471 1485
1477 1487
1427 1487
1354 1488
1474 1490
1458 1495
1497 1499
1355 1508
1430 1514
1474 1516
1506 1518
1511 1521
1524 1526
1525 1528
1527 1530
1447 1541
1428 1542
1537 1543
1532 1546
1496 1549
1561 1569
1551 1589
1681 1708
1248 -1
