1331 1344
1353 1354
1359 1361
1370 1376
1386 1387
1398 1407
1388 1413
1358 1413
1381 1418
1385 1419
1409 1424
1425 1426
1424 1427
1428 1429
1428 1432
1424 1434
1366 1436
1373 1439
1440 1441
1438 1446
1443 1446
1439 1449
1452 1453
1424 1454
1428 1455
1420 1458
1417 1466
1475 1476
1468 1476
1468 1481
1476 1483
1478 1485
1484 1488
1488 1490
1485 1492
1451 1493
1491 1494
1469 1502
1503 1505
1481 1507
1449 1508
1516 1518
1515 1519
1508 1519
1504 1520
1513 1522
1522 1523
1521 1524
1524 1525
1523 1525
1524 1531
1529 1532
1543 1544
1543 1544
1539 1544
1539 1545
1545 1546
1543 1548
1549 1550
1543 1551
1554 1555
1556 1564
1560 1564
1564 1566
1411 -1
1411 -1
1423 -1
1446 -1
1487 -1
1505 -1
1514 -1
1520 -1
1539 -1
