1287 1305
1301 1305
1304 1308
1269 1308
1282 1310
1281 1331
1298 1337
1340 1341
1338 1342
1323 1343
1297 1344
1281 1352
1347 1352
1305 1358
1355 1360
1354 1361
1355 1369
1302 1370
1364 1371
1339 1375
1358 1378
1372 1380
1364 1383
1379 1384
1384 1386
1378 1387
1259 1389
1384 1391
1321 1395
1383 1397
1379 1406
1395 1408
1394 1410
1406 1411
1390 1412
1279 1416
1409 1422
1403 1425
1421 1442
1310 1454
1452 1458
1465 1467
1444 1468
1461 1471
1462 1473
1436 1477
1362 1480
1459 1483
1474 1485
1336 1494
1454 1499
1428 1506
1498 1509
1501 1510
1472 1516
1516 1524
1522 1526
1450 1526
1525 1529
1530 1533
1422 1540
1507 1549
1560 1567
1561 1571
1547 1572
1660 1668
1649 1671
1243 -1
