1341 1362
1362 1363
1381 1383
1371 1385
1385 1386
1370 1392
1390 1401
1402 1403
1404 1406
1364 1407
1402 1408
1396 1408
1404 1408
1414 1416
1380 1428
1427 1430
1415 1431
1419 1432
1418 1433
1402 1437
1434 1438
1372 1438
1437 1445
1424 1447
1446 1448
1438 1449
1421 1450
1443 1454
1434 1456
1409 1463
1461 1467
1467 1468
1467 1469
1462 1473
1426 1476
1478 1480
1482 1495
1498 1500
1498 1502
1502 1511
1463 1513
1506 1522
1521 1527
1525 1528
1519 1528
1527 1529
1523 1529
1522 1529
1529 1531
1533 1534
1535 1537
1534 1537
1542 1544
1543 1547
1550 1551
1548 1555
1550 1557
1552 1557
1563 1567
1573 1579
1578 1580
1406 -1
1411 -1
1415 -1
1446 -1
1486 -1
1504 -1
1507 -1
1509 -1
1536 -1
