1326 1337
1353 1354
1364 1365
1367 1368
1378 1379
1347 1379
1369 1383
1384 1387
1390 1392
1392 1393
1388 1402
1406 1408
1380 1413
1412 1417
1412 1418
1414 1418
1407 1422
1377 1422
1366 1423
1426 1429
1368 1430
1425 1432
1433 1434
1434 1435
1424 1442
1418 1443
1435 1446
1449 1451
1439 1453
1420 1454
1420 1455
1466 1471
1481 1483
1476 1485
1478 1487
1483 1492
1490 1492
1489 1495
1443 1495
1495 1497
1499 1501
1459 1501
1499 1502
1512 1513
1508 1518
1520 1521
1518 1523
1509 1523
1513 1524
1526 1533
1537 1540
1536 1540
1540 1541
1535 1542
1540 1542
1555 1558
1554 1562
1556 1564
1570 1571
1570 1572
1405 -1
1408 -1
1409 -1
1453 -1
1485 -1
1505 -1
1514 -1
1520 -1
1540 -1
