1290 1310
1303 1312
1293 1314
1269 1318
1259 1320
1326 1331
1329 1332
1308 1336
1311 1344
1292 1350
1349 1353
1318 1360
1342 1361
1358 1362
1350 1363
1361 1364
1343 1365
1337 1367
1360 1368
1368 1371
1366 1371
1358 1372
1366 1376
1294 1382
1384 1385
1378 1386
1392 1393
1276 1397
1389 1398
1309 1403
1398 1407
1398 1408
1370 1410
1409 1412
1290 1413
1411 1415
1407 1416
1419 1432
1346 1453
1453 1458
1438 1459
1458 1469
1474 1476
1422 1482
1459 1483
1469 1485
1356 1488
1454 1490
1492 1495
1501 1502
1349 1502
1498 1504
1501 1505
1414 1512
1511 1512
1466 1514
1510 1515
1529 1530
1426 1534
1447 1535
1538 1540
1547 1558
1508 1561
1561 1564
1557 1567
1573 1592
1658 1665
1665 1674
1250 -1
