1300 1303
1304 1308
1290 1311
1316 1317
1272 1317
1275 1323
1322 1326
1280 1328
1320 1331
1296 1333
1321 1336
1297 1337
1349 1350
1349 1355
1354 1355
1298 1356
1313 1356
1356 1360
1335 1362
1363 1365
1362 1366
1359 1367
1365 1371
1369 1372
1293 1373
1356 1377
1360 1381
1349 1381
1269 1389
1320 1390
1377 1391
1389 1393
1395 1396
1396 1397
1391 1400
1398 1409
1408 1411
1385 1419
1385 1419
1401 1422
1401 1423
1274 1424
1411 1438
1428 1451
1340 1453
1453 1463
1462 1469
1460 1470
1451 1477
1474 1480
1426 1481
1443 1482
1467 1482
1338 1489
1353 1491
1501 1506
1503 1509
1469 1515
1419 1516
1496 1517
1517 1518
1525 1526
1454 1531
1530 1536
1427 1537
1559 1564
1494 1565
1557 1572
1556 1589
1693 1714
1251 -1
