1292 1310
1306 1315
1285 1316
1318 1323
1274 1324
1279 1326
1333 1340
1304 1342
1308 1345
1342 1346
1347 1356
1296 1358
1350 1361
1318 1361
1339 1362
1348 1362
1359 1362
1364 1365
1355 1366
1291 1367
1364 1367
1346 1371
1330 1372
1374 1378
1379 1382
1380 1382
1380 1382
1258 1389
1376 1390
1389 1391
1311 1394
1395 1396
1388 1402
1395 1404
1401 1404
1404 1405
1384 1408
1291 1410
1370 1412
1397 1415
1421 1430
1421 1436
1427 1445
1445 1457
1328 1459
1456 1463
1467 1469
1468 1476
1451 1478
1470 1481
1362 1483
1419 1484
1484 1486
1456 1489
1344 1499
1500 1503
1505 1506
1495 1509
1500 1513
1412 1516
1470 1519
1521 1522
1435 1531
1529 1532
1528 1537
1432 1538
1552 1554
1557 1559
1543 1560
1505 1560
1556 1584
1664 1667
1666 1682
1243 -1
