1354 1361
1352 1366
1371 1376
1378 1379
1381 1384
1382 1386
1380 1388
1382 1389
1393 1395
1394 1395
1395 1396
1395 1397
1388 1398
1394 1400
1396 1403
1394 1405
1402 1408
1414 1419
1387 1423
1416 1425
1424 1425
1426 1428
1429 1433
1426 1433
1433 1435
1421 1438
1418 1438
1426 1439
1424 1439
1439 1443
1421 1450
1378 1452
1447 1453
1455 1458
1449 1463
1459 1465
1464 1470
1477 1479
1464 1485
1495 1499
1500 1502
1498 1505
1510 1512
1515 1517
1465 1517
1508 1517
1506 1518
1521 1522
1523 1525
1524 1528
1528 1530
1530 1533
1533 1535
1528 1536
1535 1539
1540 1541
1541 1543
1534 1543
1544 1545
1548 1549
1546 1554
1558 1559
1563 1566
1556 1568
1578 1582
1569 1589
1409 -1
1419 -1
1427 -1
1471 -1
1492 -1
1514 -1
1515 -1
1521 -1
1544 -1
