1264 1290
1307 1308
1284 1311
1303 1312
1314 1315
1292 1320
1299 1321
1312 1329
1314 1330
1297 1341
1300 1342
1339 1344
1342 1347
1348 1352
1308 1353
1354 1357
1347 1364
1285 1366
1358 1367
1328 1367
1366 1370
1369 1371
1365 1374
1363 1378
1344 1380
1322 1391
1262 1393
1382 1393
1397 1400
1394 1400
1386 1401
1386 1404
1394 1405
1401 1405
1391 1409
1270 1412
1410 1413
1399 1416
1413 1417
1440 1448
1325 1460
1436 1462
1456 1470
1462 1472
1422 1478
1464 1479
1470 1481
1455 1487
1351 1488
1333 1500
1427 1507
1494 1508
1507 1512
1468 1515
1521 1522
1521 1525
1523 1525
1525 1528
1523 1529
1429 1533
1449 1533
1527 1540
1541 1547
1490 1553
1557 1568
1542 1571
1701 1707
1700 1718
1249 -1
