1336 1352
1370 1372
1364 1379
1391 1394
1361 1405
1394 1405
1404 1406
1407 1408
1409 1414
1405 1415
1409 1420
1417 1421
1410 1423
1398 1427
1426 1428
1428 1429
1361 1432
1419 1433
1386 1435
1422 1435
1411 1441
1417 1446
1444 1450
1407 1451
1385 1453
1446 1453
1451 1458
1458 1459
1459 1460
1425 1461
1464 1466
1430 1466
1469 1471
1471 1472
1472 1475
1478 1479
1484 1485
1479 1486
1475 1489
1466 1490
1433 1494
1463 1498
1499 1503
1498 1506
1503 1507
1505 1515
1513 1515
1515 1518
1518 1519
1509 1519
1518 1520
1507 1520
1521 1531
1532 1536
1535 1537
1541 1542
1540 1544
1541 1545
1545 1546
1541 1548
1544 1549
1552 1553
1558 1562
1553 1564
1408 -1
1420 -1
1427 -1
1456 -1
1488 -1
1517 -1
1517 -1
1524 -1
1539 -1
