1337 1350
1361 1364
1371 1381
1389 1391
1389 1392
1397 1398
1352 1403
1403 1416
1412 1419
1410 1422
1421 1423
1398 1429
1428 1430
1420 1431
1389 1437
1441 1445
1430 1446
1402 1446
1445 1451
1423 1451
1409 1452
1446 1452
1383 1452
1421 1454
1366 1454
1428 1457
1465 1472
1466 1472
1480 1482
1486 1487
1473 1488
1485 1489
1482 1489
1490 1494
1492 1496
1469 1497
1496 1499
1490 1502
1459 1502
1436 1503
1501 1515
1503 1516
1517 1519
1514 1520
1517 1520
1521 1523
1524 1525
1524 1525
1523 1526
1515 1532
1538 1540
1537 1542
1541 1542
1544 1545
1540 1546
1549 1550
1550 1552
1543 1552
1553 1560
1565 1569
1411 -1
1419 -1
1422 -1
1451 -1
1479 -1
1513 -1
1521 -1
1521 -1
1536 -1
