1344 1352
1359 1360
1353 1367
1372 1373
1372 1381
1380 1382
1377 1383
1377 1383
1383 1385
1381 1391
1375 1395
1383 1398
1399 1401
1401 1402
1397 1408
1405 1409
1409 1419
1381 1426
1426 1428
1425 1429
1425 1430
1424 1430
1437 1438
1438 1439
1368 1439
1436 1441
1424 1442
1427 1442
1438 1444
1431 1444
1434 1446
1430 1447
1419 1451
1421 1455
1452 1455
1448 1464
1464 1471
1471 1472
1472 1474
1487 1488
1449 1488
1491 1492
1489 1492
1490 1494
1499 1502
1499 1502
1495 1504
1504 1505
1470 1506
1509 1510
1503 1516
1514 1516
1507 1517
1512 1518
1520 1521
1528 1529
1528 1532
1523 1533
1537 1539
1538 1539
1536 1540
1535 1540
1542 1543
1542 1544
1542 1545
1542 1546
1558 1567
1568 1577
1565 1580
1407 -1
1418 -1
1424 -1
1462 -1
1492 -1
1502 -1
1510 -1
1518 -1
1533 -1
