1294 1304
1300 1306
1300 1308
1305 1311
1278 1322
1266 1328
1332 1336
1327 1341
1317 1349
1306 1351
1351 1354
1291 1355
1355 1360
1354 1360
1353 1368
1285 1371
1358 1372
1361 1376
1347 1378
1380 1384
1383 1386
1372 1387
1382 1387
1359 1389
1391 1392
1381 1395
1325 1400
1393 1404
1402 1404
1287 1405
1389 1405
1286 1406
1397 1412
1403 1412
1384 1414
1415 1419
1413 1419
1420 1423
1428 1436
1439 1441
1441 1450
1431 1453
1456 1462
1340 1463
1473 1477
1464 1480
1467 1481
1424 1483
1481 1485
1363 1485
1463 1495
1351 1495
1496 1509
1505 1510
1507 1511
1419 1516
1505 1517
1468 1523
1433 1536
1450 1536
1532 1537
1538 1541
1531 1542
1549 1553
1509 1553
1582 1583
1563 1591
1258 -1
