1288 1303
1311 1315
1297 1317
1273 1324
1271 1329
1328 1331
1330 1332
1328 1333
1340 1344
1322 1354
1302 1355
1308 1358
1323 1361
1349 1363
1364 1365
1363 1367
1352 1371
1355 1371
1348 1373
1366 1374
1373 1375
1353 1376
1371 1376
1374 1378
1368 1382
1285 1383
1345 1387
1292 1390
1383 1390
1386 1391
1387 1391
1389 1398
1396 1404
1332 1408
1372 1409
1283 1412
1402 1414
1408 1414
1408 1418
1417 1418
1425 1443
1431 1449
1351 1462
1450 1464
1452 1465
1468 1471
1426 1479
1468 1479
1369 1487
1462 1490
1459 1491
1490 1491
1504 1506
1352 1506
1400 1510
1488 1510
1500 1511
1506 1512
1511 1515
1472 1520
1525 1526
1451 1529
1433 1538
1537 1544
1541 1545
1547 1563
1504 1563
1560 1569
1579 1608
1644 1648
1252 -1
