1350 1357
1356 1361
1361 1362
1375 1376
1381 1382
1380 1384
1380 1384
1377 1386
1384 1389
1393 1396
1389 1396
1389 1396
1395 1400
1400 1404
1406 1414
1418 1419
1419 1421
1420 1426
1383 1426
1416 1431
1423 1434
1436 1437
1436 1437
1429 1437
1430 1437
1436 1438
1436 1438
1435 1439
1420 1442
1434 1445
1374 1446
1448 1450
1435 1457
1425 1457
1455 1458
1433 1459
1452 1459
1461 1464
1466 1472
1477 1481
1428 1481
1491 1494
1497 1504
1499 1505
1504 1506
1502 1508
1510 1511
1514 1517
1509 1517
1514 1518
1464 1519
1513 1522
1512 1522
1523 1528
1524 1529
1527 1530
1528 1532
1532 1536
1534 1536
1537 1538
1540 1541
1541 1543
1546 1547
1546 1549
1548 1549
1552 1553
1550 1553
1554 1556
1558 1563
1551 1565
1572 1577
1582 1583
1573 1584
1592 1593
1413 -1
1420 -1
1425 -1
1458 -1
1484 -1
1507 -1
1511 -1
1514 -1
1536 -1
