1354 1359
1362 1363
1360 1363
1367 1368
1371 1383
1377 1384
1383 1385
1383 1388
1385 1388
1392 1393
1389 1394
1387 1397
1377 1402
1368 1410
1408 1412
1415 1417
1410 1424
1425 1427
1420 1432
1405 1433
1428 1435
1431 1435
1411 1437
1419 1438
1441 1444
1442 1444
1424 1446
1377 1446
1431 1448
1443 1449
1443 1454
1452 1454
1411 1462
1474 1475
1426 1478
1482 1483
1479 1487
1488 1489
1494 1495
1461 1508
1500 1509
1508 1521
1519 1521
1522 1523
1516 1523
1523 1524
1521 1524
1523 1525
1532 1533
1528 1534
1546 1548
1547 1548
1539 1549
1553 1555
1555 1556
1556 1561
1569 1572
1569 1582
1408 -1
1414 -1
1432 -1
1465 -1
1479 -1
1506 -1
1508 -1
1514 -1
1532 -1
