1309 1313
1307 1322
1317 1323
1327 1329
1328 1329
1269 1334
1334 1337
1265 1341
1328 1350
1309 1352
1349 1352
1313 1354
1324 1363
1363 1368
1361 1369
1355 1369
1362 1369
1361 1376
1362 1377
1345 1377
1362 1379
1377 1380
1377 1381
1378 1381
1348 1384
1296 1386
1391 1392
1380 1395
1386 1396
1327 1400
1394 1401
1296 1407
1399 1409
1304 1411
1403 1413
1393 1417
1409 1418
1414 1419
1421 1422
1405 1429
1450 1455
1425 1458
1353 1463
1461 1475
1470 1476
1459 1477
1475 1486
1364 1489
1489 1491
1427 1491
1463 1493
1362 1504
1500 1508
1515 1516
1509 1517
1470 1518
1420 1522
1516 1523
1521 1524
1458 1536
1522 1537
1418 1542
1542 1545
1517 1547
1550 1554
1510 1557
1548 1583
1258 -1
