1304 1308
1306 1314
1252 1324
1267 1328
1325 1329
1300 1342
1314 1344
1280 1345
1344 1348
1347 1354
1310 1358
1356 1359
1363 1364
1355 1369
1361 1372
1375 1376
1282 1377
1362 1377
1371 1378
1352 1382
1371 1385
1373 1386
1379 1387
1363 1389
1321 1389
1389 1390
1391 1392
1366 1394
1387 1396
1395 1398
1253 1403
1401 1407
1288 1407
1387 1415
1414 1415
1405 1417
1407 1417
1418 1419
1402 1427
1431 1444
1428 1447
1345 1451
1451 1457
1457 1465
1465 1474
1461 1477
1430 1487
1467 1488
1366 1491
1345 1493
1469 1498
1505 1507
1509 1511
1507 1513
1405 1514
1466 1515
1499 1517
1522 1523
1529 1531
1446 1533
1428 1537
1533 1537
1540 1546
1539 1548
1541 1555
1506 1556
1562 1587
1246 -1
