1343 1344
1365 1375
1375 1376
1369 1382
1380 1388
1388 1389
1386 1389
1391 1392
1391 1394
1380 1398
1403 1409
1380 1409
1409 1410
1402 1411
1410 1412
1409 1416
1402 1420
1423 1425
1418 1428
1417 1430
1421 1431
1417 1433
1434 1439
1444 1445
1433 1446
1435 1446
1443 1449
1429 1450
1449 1451
1428 1452
1451 1453
1452 1454
1385 1461
1435 1461
1458 1462
1469 1471
1427 1482
1431 1484
1496 1499
1493 1499
1497 1501
1499 1503
1502 1504
1506 1507
1464 1513
1506 1514
1504 1515
1521 1522
1521 1522
1521 1523
1521 1526
1528 1529
1528 1530
1528 1530
1531 1532
1529 1534
1537 1538
1541 1543
1542 1544
1545 1551
1547 1551
1565 1567
1550 1570
1566 1587
1419 -1
1424 -1
1429 -1
1471 -1
1478 -1
1508 -1
1514 -1
1516 -1
1533 -1
